,ay,t
59360,1.361,37.1
59361,1.354,37.100625
59362,1.368,37.10125
59363,1.408,37.101875
59364,1.425,37.1025
59365,1.436,37.103125
59366,1.443,37.10375
59367,1.449,37.104375
59368,1.49,37.105
59369,1.531,37.105625
59370,1.555,37.10625
59371,1.518,37.106875
59372,1.511,37.1075
59373,1.54,37.108125
59374,1.614,37.10875
59375,1.605,37.109375
59376,1.582,37.11
59377,1.626,37.110625
59378,1.633,37.11125
59379,1.647,37.111875
59380,1.681,37.1125
59381,1.712,37.113125
59382,1.728,37.11375
59383,1.738,37.114375
59384,1.761,37.115
59385,1.772,37.115625
59386,1.791,37.11625
59387,1.831,37.116875
59388,1.784,37.1175
59389,1.801,37.118125
59390,1.874,37.11875
59391,1.847,37.119375
59392,1.848,37.12
59393,1.846,37.120625
59394,1.802,37.12125
59395,1.819,37.121875
59396,1.824,37.1225
59397,1.8,37.123125
59398,1.797,37.12375
59399,1.794,37.124375
59400,1.79,37.125
59401,1.783,37.125625
59402,1.763,37.12625
59403,1.77,37.126875
59404,1.834,37.1275
59405,1.804,37.128125
59406,1.798,37.12875
59407,1.822,37.129375
59408,1.842,37.13
59409,1.839,37.130625
59410,1.814,37.13125
59411,1.757,37.131875
59412,1.799,37.1325
59413,1.822,37.133125
59414,1.796,37.13375
59415,1.82,37.134375
59416,1.833,37.135
59417,1.842,37.135625
59418,1.859,37.13625
59419,1.878,37.136875
59420,1.886,37.1375
59421,1.869,37.138125
59422,1.886,37.13875
59423,1.898,37.139375
59424,1.904,37.14
59425,1.938,37.140625
59426,1.924,37.14125
59427,1.887,37.141875
59428,1.854,37.1425
59429,1.891,37.143125
59430,1.897,37.14375
59431,1.844,37.144375
59432,1.878,37.145
59433,1.889,37.145625
59434,1.879,37.14625
59435,1.839,37.146875
59436,1.863,37.1475
59437,1.882,37.148125
59438,1.855,37.14875
59439,1.853,37.149375
59440,1.877,37.15
59441,1.916,37.150625
59442,1.872,37.15125
59443,1.858,37.151875
59444,1.855,37.1525
59445,1.845,37.153125
59446,1.815,37.15375
59447,1.781,37.154375
59448,1.747,37.155
59449,1.707,37.155625
59450,1.716,37.15625
59451,1.746,37.156875
59452,1.709,37.1575
59453,1.71,37.158125
59454,1.714,37.15875
59455,1.701,37.159375
59456,1.697,37.16
59457,1.704,37.160625
59458,1.721,37.16125
59459,1.738,37.161875
59460,1.782,37.1625
59461,1.827,37.163125
59462,1.837,37.16375
59463,1.819,37.164375
59464,1.817,37.165
59465,1.844,37.165625
59466,1.857,37.16625
59467,1.881,37.166875
59468,1.907,37.1675
59469,1.914,37.168125
59470,1.962,37.16875
59471,2.0,37.169375
59472,1.997,37.17
59473,1.981,37.170625
59474,1.985,37.17125
59475,2.01,37.171875
59476,2.054,37.1725
59477,2.048,37.173125
59478,2.017,37.17375
59479,1.983,37.174375
59480,1.986,37.175
59481,1.995,37.175625
59482,2.002,37.17625
59483,2.025,37.176875
59484,2.009,37.1775
59485,1.985,37.178125
59486,2.052,37.17875
59487,2.071,37.179375
59488,2.064,37.18
59489,2.037,37.180625
59490,2.041,37.18125
59491,2.055,37.181875
59492,2.081,37.1825
59493,2.162,37.183125
59494,2.127,37.18375
59495,2.077,37.184375
59496,2.148,37.185
59497,2.103,37.185625
59498,2.077,37.18625
59499,2.107,37.186875
59500,2.11,37.1875
59501,2.116,37.188125
59502,2.131,37.18875
59503,2.185,37.189375
59504,2.175,37.19
59505,2.162,37.190625
59506,2.182,37.19125
59507,2.168,37.191875
59508,2.201,37.1925
59509,2.273,37.193125
59510,2.256,37.19375
59511,2.228,37.194375
59512,2.21,37.195
59513,2.237,37.195625
59514,2.264,37.19625
59515,2.262,37.196875
59516,2.222,37.1975
59517,2.314,37.198125
59518,2.349,37.19875
59519,2.35,37.199375
59520,2.374,37.2
59521,2.393,37.200625
59522,2.41,37.20125
59523,2.426,37.201875
59524,2.418,37.2025
59525,2.43,37.203125
59526,2.464,37.20375
59527,2.491,37.204375
59528,2.531,37.205
59529,2.562,37.205625
59530,2.545,37.20625
59531,2.568,37.206875
59532,2.581,37.2075
59533,2.572,37.208125
59534,2.629,37.20875
59535,2.683,37.209375
59536,2.723,37.21
59537,2.717,37.210625
59538,2.687,37.21125
59539,2.674,37.211875
59540,2.708,37.2125
59541,2.732,37.213125
59542,2.756,37.21375
59543,2.775,37.214375
59544,2.752,37.215
59545,2.741,37.215625
59546,2.742,37.21625
59547,2.756,37.216875
59548,2.812,37.2175
59549,2.851,37.218125
59550,2.854,37.21875
59551,2.898,37.219375
59552,2.93,37.22
59553,2.954,37.220625
59554,2.981,37.22125
59555,2.996,37.221875
59556,3.03,37.2225
59557,3.111,37.223125
59558,3.123,37.22375
59559,3.122,37.224375
59560,3.12,37.225
59561,3.204,37.225625
59562,3.232,37.22625
59563,3.251,37.226875
59564,3.325,37.2275
59565,3.346,37.228125
59566,3.39,37.22875
59567,3.481,37.229375
59568,3.512,37.23
59569,3.516,37.230625
59570,3.523,37.23125
59571,3.628,37.231875
59572,3.684,37.2325
59573,3.725,37.233125
59574,3.765,37.23375
59575,3.775,37.234375
59576,3.832,37.235
59577,3.934,37.235625
59578,3.964,37.23625
59579,3.954,37.236875
59580,3.934,37.2375
59581,3.944,37.238125
59582,3.982,37.23875
59583,4.032,37.239375
59584,4.089,37.24
59585,4.13,37.240625
59586,4.139,37.24125
59587,4.138,37.241875
59588,4.203,37.2425
59589,4.259,37.243125
59590,4.3,37.24375
59591,4.313,37.244375
59592,4.305,37.245
59593,4.297,37.245625
59594,4.296,37.24625
59595,4.36,37.246875
59596,4.381,37.2475
59597,4.383,37.248125
59598,4.39,37.24875
59599,4.399,37.249375
59600,4.407,37.25
59601,4.41,37.250625
59602,4.451,37.25125
59603,4.462,37.251875
59604,4.45,37.2525
59605,4.43,37.253125
59606,4.465,37.25375
59607,4.497,37.254375
59608,4.483,37.255
59609,4.501,37.255625
59610,4.517,37.25625
59611,4.532,37.256875
59612,4.563,37.2575
59613,4.571,37.258125
59614,4.574,37.25875
59615,4.598,37.259375
59616,4.624,37.26
59617,4.641,37.260625
59618,4.645,37.26125
59619,4.611,37.261875
59620,4.617,37.2625
59621,4.649,37.263125
59622,4.676,37.26375
59623,4.711,37.264375
59624,4.738,37.265
59625,4.745,37.265625
59626,4.761,37.26625
59627,4.801,37.266875
59628,4.859,37.2675
59629,4.846,37.268125
59630,4.87,37.26875
59631,4.906,37.269375
59632,4.916,37.27
59633,4.96,37.270625
59634,5.005,37.27125
59635,5.042,37.271875
59636,5.086,37.2725
59637,5.101,37.273125
59638,5.095,37.27375
59639,5.095,37.274375
59640,5.145,37.275
59641,5.167,37.275625
59642,5.096,37.27625
59643,5.115,37.276875
59644,5.172,37.2775
59645,5.251,37.278125
59646,5.231,37.27875
59647,5.264,37.279375
59648,5.313,37.28
59649,5.323,37.280625
59650,5.291,37.28125
59651,5.273,37.281875
59652,5.286,37.2825
59653,5.337,37.283125
59654,5.348,37.28375
59655,5.341,37.284375
59656,5.381,37.285
59657,5.372,37.285625
59658,5.35,37.28625
59659,5.34,37.286875
59660,5.37,37.2875
59661,5.412,37.288125
59662,5.459,37.28875
59663,5.459,37.289375
59664,5.436,37.29
59665,5.422,37.290625
59666,5.47,37.29125
59667,5.442,37.291875
59668,5.42,37.2925
59669,5.43,37.293125
59670,5.47,37.29375
59671,5.48,37.294375
59672,5.474,37.295
59673,5.511,37.295625
59674,5.551,37.29625
59675,5.577,37.296875
59676,5.574,37.2975
59677,5.546,37.298125
59678,5.542,37.29875
59679,5.568,37.299375
59680,5.615,37.3
59681,5.647,37.300625
59682,5.665,37.30125
59683,5.665,37.301875
59684,5.67,37.3025
59685,5.702,37.303125
59686,5.77,37.30375
59687,5.767,37.304375
59688,5.796,37.305
59689,5.843,37.305625
59690,5.854,37.30625
59691,5.909,37.306875
59692,5.947,37.3075
59693,5.916,37.308125
59694,5.978,37.30875
59695,6.004,37.309375
59696,5.984,37.31
59697,5.967,37.310625
59698,5.999,37.31125
59699,6.046,37.311875
59700,6.06,37.3125
59701,6.118,37.313125
59702,6.17,37.31375
59703,6.201,37.314375
59704,6.265,37.315
59705,6.274,37.315625
59706,6.264,37.31625
59707,6.362,37.316875
59708,6.358,37.3175
59709,6.347,37.318125
59710,6.397,37.31875
59711,6.442,37.319375
59712,6.468,37.32
59713,6.476,37.320625
59714,6.499,37.32125
59715,6.547,37.321875
59716,6.598,37.3225
59717,6.615,37.323125
59718,6.615,37.32375
59719,6.653,37.324375
59720,6.751,37.325
59721,6.735,37.325625
59722,6.724,37.32625
59723,6.731,37.326875
59724,6.812,37.3275
59725,6.808,37.328125
59726,6.819,37.32875
59727,6.924,37.329375
59728,6.934,37.33
59729,6.952,37.330625
59730,6.985,37.33125
59731,6.972,37.331875
59732,6.952,37.3325
59733,6.955,37.333125
59734,7.047,37.33375
59735,7.096,37.334375
59736,7.14,37.335
59737,7.187,37.335625
59738,7.161,37.33625
59739,7.172,37.336875
59740,7.207,37.3375
59741,7.21,37.338125
59742,7.259,37.33875
59743,7.31,37.339375
59744,7.334,37.34
59745,7.324,37.340625
59746,7.356,37.34125
59747,7.428,37.341875
59748,7.385,37.3425
59749,7.414,37.343125
59750,7.476,37.34375
59751,7.524,37.344375
59752,7.496,37.345
59753,7.488,37.345625
59754,7.532,37.34625
59755,7.479,37.346875
59756,7.492,37.3475
59757,7.55,37.348125
59758,7.574,37.34875
59759,7.588,37.349375
59760,7.614,37.35
59761,7.675,37.350625
59762,7.72,37.35125
59763,7.758,37.351875
59764,7.789,37.3525
59765,7.833,37.353125
59766,7.859,37.35375
59767,7.883,37.354375
59768,7.926,37.355
59769,7.951,37.355625
59770,7.977,37.35625
59771,8.011,37.356875
59772,8.048,37.3575
59773,8.096,37.358125
59774,8.149,37.35875
59775,8.172,37.359375
59776,8.216,37.36
59777,8.253,37.360625
59778,8.259,37.36125
59779,8.309,37.361875
59780,8.335,37.3625
59781,8.335,37.363125
59782,8.386,37.36375
59783,8.423,37.364375
59784,8.452,37.365
59785,8.472,37.365625
59786,8.475,37.36625
59787,8.482,37.366875
59788,8.499,37.3675
59789,8.536,37.368125
59790,8.546,37.36875
59791,8.539,37.369375
59792,8.546,37.37
59793,8.537,37.370625
59794,8.526,37.37125
59795,8.519,37.371875
59796,8.57,37.3725
59797,8.59,37.373125
59798,8.576,37.37375
59799,8.64,37.374375
59800,8.7,37.375
59801,8.757,37.375625
59802,8.814,37.37625
59803,8.833,37.376875
59804,8.825,37.3775
59805,8.787,37.378125
59806,8.827,37.37875
59807,8.877,37.379375
59808,8.928,37.38
59809,8.941,37.380625
59810,8.947,37.38125
59811,8.955,37.381875
59812,8.972,37.3825
59813,8.946,37.383125
59814,8.937,37.38375
59815,8.953,37.384375
59816,9.004,37.385
59817,9.006,37.385625
59818,8.976,37.38625
59819,8.925,37.386875
59820,8.922,37.3875
59821,8.908,37.388125
59822,8.864,37.38875
59823,8.837,37.389375
59824,8.857,37.39
59825,8.901,37.390625
59826,8.864,37.39125
59827,8.834,37.391875
59828,8.821,37.3925
59829,8.838,37.393125
59830,8.882,37.39375
59831,8.923,37.394375
59832,8.954,37.395
59833,8.947,37.395625
59834,8.975,37.39625
59835,8.993,37.396875
59836,8.912,37.3975
59837,8.875,37.398125
59838,8.869,37.39875
59839,8.896,37.399375
59840,8.841,37.4
59841,8.81,37.400625
59842,8.791,37.40125
59843,8.724,37.401875
59844,8.686,37.4025
59845,8.643,37.403125
59846,8.565,37.40375
59847,8.617,37.404375
59848,8.628,37.405
59849,8.582,37.405625
59850,8.599,37.40625
59851,8.62,37.406875
59852,8.642,37.4075
59853,8.659,37.408125
59854,8.635,37.40875
59855,8.609,37.409375
59856,8.595,37.41
59857,8.589,37.410625
59858,8.572,37.41125
59859,8.557,37.411875
59860,8.587,37.4125
59861,8.578,37.413125
59862,8.566,37.41375
59863,8.579,37.414375
59864,8.517,37.415
59865,8.474,37.415625
59866,8.458,37.41625
59867,8.407,37.416875
59868,8.405,37.4175
59869,8.401,37.418125
59870,8.307,37.41875
59871,8.27,37.419375
59872,8.243,37.42
59873,8.213,37.420625
59874,8.212,37.42125
59875,8.208,37.421875
59876,8.192,37.4225
59877,8.121,37.423125
59878,8.102,37.42375
59879,8.104,37.424375
59880,8.111,37.425
59881,8.036,37.425625
59882,7.993,37.42625
59883,7.994,37.426875
59884,7.943,37.4275
59885,7.879,37.428125
59886,7.812,37.42875
59887,7.758,37.429375
59888,7.696,37.43
59889,7.658,37.430625
59890,7.661,37.43125
59891,7.648,37.431875
59892,7.644,37.4325
59893,7.641,37.433125
59894,7.601,37.43375
59895,7.565,37.434375
59896,7.507,37.435
59897,7.396,37.435625
59898,7.396,37.43625
59899,7.364,37.436875
59900,7.287,37.4375
59901,7.263,37.438125
59902,7.194,37.43875
59903,7.11,37.439375
59904,7.067,37.44
59905,7.02,37.440625
59906,6.969,37.44125
59907,6.911,37.441875
59908,6.794,37.4425
59909,6.725,37.443125
59910,6.686,37.44375
59911,6.595,37.444375
59912,6.437,37.445
59913,6.294,37.445625
59914,6.24,37.44625
59915,6.222,37.446875
59916,6.134,37.4475
59917,5.963,37.448125
59918,5.821,37.44875
59919,5.79,37.449375
59920,5.794,37.45
59921,5.71,37.450625
59922,5.598,37.45125
59923,5.484,37.451875
59924,5.375,37.4525
59925,5.264,37.453125
59926,5.154,37.45375
59927,5.054,37.454375
59928,5.0,37.455
59929,4.941,37.455625
59930,4.87,37.45625
59931,4.775,37.456875
59932,4.734,37.4575
59933,4.669,37.458125
59934,4.566,37.45875
59935,4.441,37.459375
59936,4.381,37.46
59937,4.357,37.460625
59938,4.333,37.46125
59939,4.255,37.461875
59940,4.182,37.4625
59941,4.138,37.463125
59942,4.035,37.46375
59943,3.983,37.464375
59944,3.959,37.465
59945,3.847,37.465625
59946,3.824,37.46625
59947,3.813,37.466875
59948,3.756,37.4675
59949,3.632,37.468125
59950,3.516,37.46875
59951,3.422,37.469375
59952,3.399,37.47
59953,3.33,37.470625
59954,3.246,37.47125
59955,3.198,37.471875
59956,3.105,37.4725
59957,3.016,37.473125
59958,2.952,37.47375
59959,2.933,37.474375
59960,2.84,37.475
59961,2.699,37.475625
59962,2.652,37.47625
59963,2.665,37.476875
59964,2.672,37.4775
59965,2.607,37.478125
59966,2.483,37.47875
59967,2.396,37.479375
59968,2.361,37.48
59969,2.375,37.480625
59970,2.335,37.48125
59971,2.268,37.481875
59972,2.217,37.4825
59973,2.178,37.483125
59974,2.157,37.48375
59975,2.164,37.484375
59976,2.158,37.485
59977,2.162,37.485625
59978,2.16,37.48625
59979,2.055,37.486875
59980,2.018,37.4875
59981,1.997,37.488125
59982,1.949,37.48875
59983,1.98,37.489375
59984,1.968,37.49
59985,1.899,37.490625
59986,1.855,37.49125
59987,1.811,37.491875
59988,1.772,37.4925
59989,1.752,37.493125
59990,1.75,37.49375
59991,1.749,37.494375
59992,1.739,37.495
59993,1.751,37.495625
59994,1.728,37.49625
59995,1.685,37.496875
59996,1.719,37.4975
59997,1.702,37.498125
59998,1.664,37.49875
59999,1.623,37.499375
60000,1.565,37.5
60001,1.52,37.500625
60002,1.49,37.50125
60003,1.402,37.501875
60004,1.342,37.5025
60005,1.312,37.503125
60006,1.336,37.50375
60007,1.292,37.504375
60008,1.242,37.505
60009,1.208,37.505625
60010,1.138,37.50625
60011,1.151,37.506875
60012,1.211,37.5075
60013,1.133,37.508125
60014,1.062,37.50875
60015,1.019,37.509375
60016,1.033,37.51
60017,0.957,37.510625
60018,0.899,37.51125
60019,0.876,37.511875
60020,0.876,37.5125
60021,0.846,37.513125
60022,0.815,37.51375
60023,0.842,37.514375
60024,0.748,37.515
60025,0.635,37.515625
60026,0.544,37.51625
60027,0.518,37.516875
60028,0.493,37.5175
60029,0.453,37.518125
60030,0.328,37.51875
60031,0.234,37.519375
60032,0.166,37.52
60033,0.129,37.520625
60034,0.008,37.52125
60035,-0.072,37.521875
60036,-0.094,37.5225
60037,-0.165,37.523125
60038,-0.247,37.52375
60039,-0.32,37.524375
60040,-0.337,37.525
60041,-0.383,37.525625
60042,-0.438,37.52625
60043,-0.496,37.526875
60044,-0.531,37.5275
60045,-0.59,37.528125
60046,-0.674,37.52875
60047,-0.772,37.529375
60048,-0.817,37.53
60049,-0.842,37.530625
60050,-0.873,37.53125
60051,-0.977,37.531875
60052,-1.048,37.5325
60053,-1.068,37.533125
60054,-1.075,37.53375
60055,-1.133,37.534375
60056,-1.212,37.535
60057,-1.259,37.535625
60058,-1.301,37.53625
60059,-1.33,37.536875
60060,-1.34,37.5375
60061,-1.461,37.538125
60062,-1.551,37.53875
60063,-1.613,37.539375
60064,-1.684,37.54
60065,-1.693,37.540625
60066,-1.707,37.54125
60067,-1.795,37.541875
60068,-1.808,37.5425
60069,-1.851,37.543125
60070,-1.935,37.54375
60071,-1.935,37.544375
60072,-1.935,37.545
60073,-1.955,37.545625
60074,-2.049,37.54625
60075,-2.031,37.546875
60076,-2.009,37.5475
60077,-2.03,37.548125
60078,-2.079,37.54875
60079,-2.087,37.549375
60080,-2.066,37.55
60081,-2.079,37.550625
60082,-2.112,37.55125
60083,-2.149,37.551875
60084,-2.18,37.5525
60085,-2.118,37.553125
60086,-2.095,37.55375
60087,-2.132,37.554375
60088,-2.148,37.555
60089,-2.129,37.555625
60090,-2.096,37.55625
60091,-2.089,37.556875
60092,-2.08,37.5575
60093,-2.063,37.558125
60094,-2.036,37.55875
60095,-2.068,37.559375
60096,-2.076,37.56
60097,-2.063,37.560625
60098,-2.06,37.56125
60099,-2.033,37.561875
60100,-2.004,37.5625
60101,-1.998,37.563125
60102,-1.943,37.56375
60103,-1.926,37.564375
60104,-1.956,37.565
60105,-1.902,37.565625
60106,-1.873,37.56625
60107,-1.866,37.566875
60108,-1.879,37.5675
60109,-1.935,37.568125
60110,-1.964,37.56875
60111,-1.926,37.569375
60112,-1.948,37.57
60113,-1.94,37.570625
60114,-1.924,37.57125
60115,-2.028,37.571875
60116,-2.04,37.5725
60117,-2.024,37.573125
60118,-2.034,37.57375
60119,-2.02,37.574375
60120,-2.02,37.575
60121,-2.039,37.575625
60122,-2.019,37.57625
60123,-2.039,37.576875
60124,-2.072,37.5775
60125,-2.065,37.578125
60126,-2.018,37.57875
60127,-1.99,37.579375
60128,-2.01,37.58
60129,-1.927,37.580625
60130,-1.938,37.58125
60131,-2.014,37.581875
60132,-1.96,37.5825
60133,-1.946,37.583125
60134,-1.922,37.58375
60135,-1.831,37.584375
60136,-1.825,37.585
60137,-1.857,37.585625
60138,-1.913,37.58625
60139,-1.849,37.586875
60140,-1.816,37.5875
60141,-1.811,37.588125
60142,-1.838,37.58875
60143,-1.865,37.589375
60144,-1.886,37.59
60145,-1.896,37.590625
60146,-1.851,37.59125
60147,-1.84,37.591875
60148,-1.857,37.5925
60149,-1.847,37.593125
60150,-1.867,37.59375
60151,-1.886,37.594375
60152,-1.865,37.595
60153,-1.886,37.595625
60154,-1.89,37.59625
60155,-1.868,37.596875
60156,-1.871,37.5975
60157,-1.872,37.598125
60158,-1.868,37.59875
60159,-1.848,37.599375
60160,-1.865,37.6
60161,-1.868,37.600625
60162,-1.831,37.60125
60163,-1.819,37.601875
60164,-1.795,37.6025
60165,-1.754,37.603125
60166,-1.686,37.60375
60167,-1.643,37.604375
60168,-1.631,37.605
60169,-1.675,37.605625
60170,-1.587,37.60625
60171,-1.575,37.606875
60172,-1.67,37.6075
60173,-1.504,37.608125
60174,-1.471,37.60875
60175,-1.502,37.609375
60176,-1.472,37.61
60177,-1.447,37.610625
60178,-1.399,37.61125
60179,-1.311,37.611875
60180,-1.304,37.6125
60181,-1.284,37.613125
60182,-1.25,37.61375
60183,-1.209,37.614375
60184,-1.164,37.615
60185,-1.109,37.615625
60186,-1.034,37.61625
60187,-0.987,37.616875
60188,-0.912,37.6175
60189,-0.804,37.618125
60190,-0.804,37.61875
60191,-0.773,37.619375
60192,-0.717,37.62
60193,-0.639,37.620625
60194,-0.588,37.62125
60195,-0.529,37.621875
60196,-0.445,37.6225
60197,-0.376,37.623125
60198,-0.33,37.62375
60199,-0.3,37.624375
60200,-0.246,37.625
60201,-0.268,37.625625
60202,-0.273,37.62625
60203,-0.154,37.626875
60204,-0.092,37.6275
60205,-0.013,37.628125
60206,0.09,37.62875
60207,0.063,37.629375
60208,0.063,37.63
60209,0.083,37.630625
60210,0.117,37.63125
60211,0.143,37.631875
60212,0.188,37.6325
60213,0.269,37.633125
60214,0.292,37.63375
60215,0.325,37.634375
60216,0.353,37.635
60217,0.262,37.635625
60218,0.216,37.63625
60219,0.189,37.636875
60220,0.162,37.6375
60221,0.187,37.638125
60222,0.189,37.63875
60223,0.153,37.639375
60224,0.15,37.64
60225,0.142,37.640625
60226,0.13,37.64125
60227,0.11,37.641875
60228,0.142,37.6425
60229,0.179,37.643125
60230,0.196,37.64375
60231,0.254,37.644375
60232,0.319,37.645
60233,0.382,37.645625
60234,0.412,37.64625
60235,0.445,37.646875
60236,0.504,37.6475
60237,0.626,37.648125
60238,0.677,37.64875
60239,0.716,37.649375
60240,0.754,37.65
60241,0.832,37.650625
60242,0.862,37.65125
60243,0.856,37.651875
60244,0.825,37.6525
60245,0.882,37.653125
60246,0.936,37.65375
60247,0.943,37.654375
60248,0.972,37.655
60249,0.965,37.655625
60250,0.925,37.65625
60251,0.891,37.656875
60252,0.86,37.6575
60253,0.832,37.658125
60254,0.812,37.65875
60255,0.677,37.659375
60256,0.556,37.66
60257,0.471,37.660625
60258,0.383,37.66125
60259,0.314,37.661875
60260,0.252,37.6625
60261,0.171,37.663125
60262,0.082,37.66375
60263,-0.016,37.664375
60264,-0.124,37.665
60265,-0.206,37.665625
60266,-0.298,37.66625
60267,-0.399,37.666875
60268,-0.494,37.6675
60269,-0.543,37.668125
60270,-0.583,37.66875
60271,-0.647,37.669375
60272,-0.671,37.67
60273,-0.704,37.670625
60274,-0.757,37.67125
60275,-0.785,37.671875
60276,-0.805,37.6725
60277,-0.83,37.673125
60278,-0.884,37.67375
60279,-0.864,37.674375
60280,-0.848,37.675
60281,-0.875,37.675625
60282,-0.908,37.67625
60283,-0.91,37.676875
60284,-0.885,37.6775
60285,-0.878,37.678125
60286,-0.893,37.67875
60287,-0.921,37.679375
60288,-0.962,37.68
60289,-0.964,37.680625
60290,-1.002,37.68125
60291,-1.086,37.681875
60292,-1.056,37.6825
60293,-1.061,37.683125
60294,-1.072,37.68375
60295,-1.021,37.684375
60296,-0.992,37.685
60297,-0.926,37.685625
60298,-0.787,37.68625
60299,-0.732,37.686875
60300,-0.655,37.6875
60301,-0.549,37.688125
60302,-0.414,37.68875
60303,-0.281,37.689375
60304,-0.136,37.69
60305,0.043,37.690625
60306,0.196,37.69125
60307,0.36,37.691875
60308,0.54,37.6925
60309,0.659,37.693125
60310,0.812,37.69375
60311,0.978,37.694375
60312,1.103,37.695
60313,1.252,37.695625
60314,1.401,37.69625
60315,1.54,37.696875
60316,1.733,37.6975
60317,1.88,37.698125
60318,1.993,37.69875
60319,2.169,37.699375
60320,2.293,37.7
60321,2.394,37.700625
60322,2.496,37.70125
60323,2.655,37.701875
60324,2.788,37.7025
60325,2.876,37.703125
60326,2.978,37.70375
60327,3.102,37.704375
60328,3.238,37.705
60329,3.363,37.705625
60330,3.47,37.70625
60331,3.564,37.706875
60332,3.645,37.7075
60333,3.652,37.708125
60334,3.663,37.70875
60335,3.676,37.709375
60336,3.666,37.71
60337,3.696,37.710625
60338,3.709,37.71125
60339,3.635,37.711875
60340,3.581,37.7125
60341,3.57,37.713125
60342,3.603,37.71375
60343,3.529,37.714375
60344,3.492,37.715
60345,3.482,37.715625
60346,3.485,37.71625
60347,3.454,37.716875
60348,3.438,37.7175
60349,3.465,37.718125
60350,3.502,37.71875
60351,3.518,37.719375
60352,3.516,37.72
60353,3.53,37.720625
60354,3.531,37.72125
60355,3.572,37.721875
60356,3.724,37.7225
60357,3.794,37.723125
60358,3.814,37.72375
60359,3.79,37.724375
60360,3.868,37.725
60361,3.919,37.725625
60362,3.954,37.72625
60363,3.998,37.726875
60364,3.995,37.7275
60365,4.014,37.728125
60366,4.095,37.72875
60367,4.141,37.729375
60368,4.145,37.73
60369,4.13,37.730625
60370,4.235,37.73125
60371,4.288,37.731875
60372,4.31,37.7325
60373,4.31,37.733125
60374,4.345,37.73375
60375,4.387,37.734375
60376,4.432,37.735
60377,4.523,37.735625
60378,4.581,37.73625
60379,4.633,37.736875
60380,4.741,37.7375
60381,4.83,37.738125
60382,4.929,37.73875
60383,5.05,37.739375
60384,5.089,37.74
60385,5.153,37.740625
60386,5.244,37.74125
60387,5.335,37.741875
60388,5.434,37.7425
60389,5.524,37.743125
60390,5.585,37.74375
60391,5.64,37.744375
60392,5.712,37.745
60393,5.805,37.745625
60394,5.859,37.74625
60395,5.926,37.746875
60396,6.002,37.7475
60397,6.087,37.748125
60398,6.113,37.74875
60399,6.133,37.749375
60400,6.17,37.75
60401,6.201,37.750625
60402,6.264,37.75125
60403,6.352,37.751875
60404,6.42,37.7525
60405,6.455,37.753125
60406,6.502,37.75375
60407,6.621,37.754375
60408,6.66,37.755
60409,6.696,37.755625
60410,6.745,37.75625
60411,6.833,37.756875
60412,6.894,37.7575
60413,6.951,37.758125
60414,7.062,37.75875
60415,7.192,37.759375
60416,7.286,37.76
60417,7.306,37.760625
60418,7.397,37.76125
60419,7.49,37.761875
60420,7.573,37.7625
60421,7.597,37.763125
60422,7.646,37.76375
60423,7.707,37.764375
60424,7.768,37.765
60425,7.852,37.765625
60426,7.916,37.76625
60427,7.951,37.766875
60428,8.036,37.7675
60429,8.12,37.768125
60430,8.186,37.76875
60431,8.176,37.769375
60432,8.205,37.77
60433,8.253,37.770625
60434,8.314,37.77125
60435,8.413,37.771875
60436,8.497,37.7725
60437,8.564,37.773125
60438,8.625,37.77375
60439,8.638,37.774375
60440,8.642,37.775
60441,8.672,37.775625
60442,8.726,37.77625
60443,8.826,37.776875
60444,8.976,37.7775
60445,9.074,37.778125
60446,9.104,37.77875
60447,9.111,37.779375
60448,9.202,37.78
60449,9.207,37.780625
60450,9.205,37.78125
60451,9.235,37.781875
60452,9.32,37.7825
60453,9.368,37.783125
60454,9.39,37.78375
60455,9.478,37.784375
60456,9.568,37.785
60457,9.633,37.785625
60458,9.63,37.78625
60459,9.708,37.786875
60460,9.834,37.7875
60461,10.0,37.788125
60462,10.061,37.78875
60463,10.136,37.789375
60464,10.21,37.79
60465,10.24,37.790625
60466,10.353,37.79125
60467,10.444,37.791875
60468,10.457,37.7925
60469,10.483,37.793125
60470,10.548,37.79375
60471,10.639,37.794375
60472,10.676,37.795
60473,10.749,37.795625
60474,10.84,37.79625
60475,10.942,37.796875
60476,10.953,37.7975
60477,10.995,37.798125
60478,11.092,37.79875
60479,11.163,37.799375
60480,11.222,37.8
60481,11.274,37.800625
60482,11.335,37.80125
60483,11.327,37.801875
60484,11.346,37.8025
60485,11.444,37.803125
60486,11.484,37.80375
60487,11.5,37.804375
60488,11.507,37.805
60489,11.595,37.805625
60490,11.626,37.80625
60491,11.62,37.806875
60492,11.579,37.8075
60493,11.571,37.808125
60494,11.557,37.80875
60495,11.532,37.809375
60496,11.6,37.81
60497,11.616,37.810625
60498,11.613,37.81125
60499,11.671,37.811875
60500,11.726,37.8125
60501,11.727,37.813125
60502,11.636,37.81375
60503,11.574,37.814375
60504,11.541,37.815
60505,11.524,37.815625
60506,11.423,37.81625
60507,11.37,37.816875
60508,11.344,37.8175
60509,11.327,37.818125
60510,11.325,37.81875
60511,11.267,37.819375
60512,11.142,37.82
60513,11.108,37.820625
60514,11.043,37.82125
60515,10.963,37.821875
60516,10.898,37.8225
60517,10.818,37.823125
60518,10.723,37.82375
60519,10.608,37.824375
60520,10.547,37.825
60521,10.477,37.825625
60522,10.402,37.82625
60523,10.371,37.826875
60524,10.308,37.8275
60525,10.221,37.828125
60526,10.109,37.82875
60527,9.978,37.829375
60528,9.881,37.83
60529,9.832,37.830625
60530,9.724,37.83125
60531,9.628,37.831875
60532,9.533,37.8325
60533,9.404,37.833125
60534,9.328,37.83375
60535,9.253,37.834375
60536,9.152,37.835
60537,8.932,37.835625
60538,8.766,37.83625
60539,8.654,37.836875
60540,8.539,37.8375
60541,8.432,37.838125
60542,8.308,37.83875
60543,8.136,37.839375
60544,7.969,37.84
60545,7.838,37.840625
60546,7.747,37.84125
60547,7.53,37.841875
60548,7.351,37.8425
60549,7.199,37.843125
60550,7.06,37.84375
60551,6.885,37.844375
60552,6.715,37.845
60553,6.573,37.845625
60554,6.45,37.84625
60555,6.286,37.846875
60556,6.1,37.8475
60557,6.056,37.848125
60558,5.921,37.84875
60559,5.75,37.849375
60560,5.591,37.85
60561,5.45,37.850625
60562,5.355,37.85125
60563,5.312,37.851875
60564,5.187,37.8525
60565,5.095,37.853125
60566,5.013,37.85375
60567,4.884,37.854375
60568,4.834,37.855
60569,4.759,37.855625
60570,4.597,37.85625
60571,4.546,37.856875
60572,4.539,37.8575
60573,4.557,37.858125
60574,4.5,37.85875
60575,4.447,37.859375
60576,4.399,37.86
60577,4.358,37.860625
60578,4.338,37.86125
60579,4.335,37.861875
60580,4.348,37.8625
60581,4.369,37.863125
60582,4.397,37.86375
60583,4.423,37.864375
60584,4.416,37.865
60585,4.376,37.865625
60586,4.364,37.86625
60587,4.421,37.866875
60588,4.389,37.8675
60589,4.395,37.868125
60590,4.436,37.86875
60591,4.457,37.869375
60592,4.482,37.87
60593,4.509,37.870625
60594,4.536,37.87125
60595,4.597,37.871875
60596,4.638,37.8725
60597,4.647,37.873125
60598,4.742,37.87375
60599,4.744,37.874375
60600,4.717,37.875
60601,4.818,37.875625
60602,4.867,37.87625
60603,4.899,37.876875
60604,4.926,37.8775
60605,4.975,37.878125
60606,5.015,37.87875
60607,5.038,37.879375
60608,4.997,37.88
60609,5.001,37.880625
60610,5.018,37.88125
60611,5.018,37.881875
60612,5.094,37.8825
60613,5.155,37.883125
60614,5.181,37.88375
60615,5.195,37.884375
60616,5.202,37.885
60617,5.212,37.885625
60618,5.249,37.88625
60619,5.226,37.886875
60620,5.212,37.8875
60621,5.246,37.888125
60622,5.2,37.88875
60623,5.176,37.889375
60624,5.183,37.89
60625,5.247,37.890625
60626,5.274,37.89125
60627,5.274,37.891875
60628,5.247,37.8925
60629,5.211,37.893125
60630,5.201,37.89375
60631,5.224,37.894375
60632,5.217,37.895
60633,5.239,37.895625
60634,5.271,37.89625
60635,5.268,37.896875
60636,5.207,37.8975
60637,5.164,37.898125
60638,5.185,37.89875
60639,5.16,37.899375
60640,5.144,37.9
60641,5.134,37.900625
60642,5.097,37.90125
60643,4.997,37.901875
60644,4.909,37.9025
60645,4.929,37.903125
60646,4.874,37.90375
60647,4.832,37.904375
60648,4.822,37.905
60649,4.839,37.905625
60650,4.852,37.90625
60651,4.85,37.906875
60652,4.796,37.9075
60653,4.771,37.908125
60654,4.761,37.90875
60655,4.764,37.909375
60656,4.71,37.91
60657,4.706,37.910625
60658,4.739,37.91125
60659,4.682,37.911875
60660,4.657,37.9125
60661,4.651,37.913125
60662,4.658,37.91375
60663,4.59,37.914375
60664,4.541,37.915
60665,4.534,37.915625
60666,4.497,37.91625
60667,4.476,37.916875
60668,4.468,37.9175
60669,4.472,37.918125
60670,4.449,37.91875
60671,4.405,37.919375
60672,4.338,37.92
60673,4.289,37.920625
60674,4.242,37.92125
60675,4.192,37.921875
60676,4.125,37.9225
60677,4.097,37.923125
60678,4.077,37.92375
60679,4.033,37.924375
60680,3.998,37.925
60681,3.93,37.925625
60682,3.819,37.92625
60683,3.714,37.926875
60684,3.654,37.9275
60685,3.617,37.928125
60686,3.549,37.92875
60687,3.458,37.929375
60688,3.372,37.93
60689,3.308,37.930625
60690,3.215,37.93125
60691,3.163,37.931875
60692,3.14,37.9325
60693,3.035,37.933125
60694,2.974,37.93375
60695,2.918,37.934375
60696,2.82,37.935
60697,2.737,37.935625
60698,2.679,37.93625
60699,2.651,37.936875
60700,2.577,37.9375
60701,2.527,37.938125
60702,2.491,37.93875
60703,2.447,37.939375
60704,2.437,37.94
60705,2.411,37.940625
60706,2.336,37.94125
60707,2.249,37.941875
60708,2.195,37.9425
60709,2.17,37.943125
60710,2.129,37.94375
60711,2.109,37.944375
60712,2.101,37.945
60713,2.098,37.945625
60714,2.039,37.94625
60715,2.003,37.946875
60716,2.006,37.9475
60717,2.006,37.948125
60718,1.984,37.94875
60719,1.952,37.949375
60720,1.946,37.95
60721,1.876,37.950625
60722,1.806,37.95125
60723,1.769,37.951875
60724,1.722,37.9525
60725,1.679,37.953125
60726,1.637,37.95375
60727,1.583,37.954375
60728,1.591,37.955
60729,1.574,37.955625
60730,1.412,37.95625
60731,1.383,37.956875
60732,1.34,37.9575
60733,1.255,37.958125
60734,1.265,37.95875
60735,1.201,37.959375
60736,1.096,37.96
60737,1.014,37.960625
60738,0.915,37.96125
60739,0.838,37.961875
60740,0.811,37.9625
60741,0.765,37.963125
60742,0.712,37.96375
60743,0.657,37.964375
60744,0.623,37.965
60745,0.583,37.965625
60746,0.522,37.96625
60747,0.417,37.966875
60748,0.342,37.9675
60749,0.274,37.968125
60750,0.21,37.96875
60751,0.166,37.969375
60752,0.099,37.97
60753,0.028,37.970625
60754,-0.003,37.97125
60755,-0.054,37.971875
60756,-0.115,37.9725
60757,-0.183,37.973125
60758,-0.218,37.97375
60759,-0.275,37.974375
60760,-0.347,37.975
60761,-0.363,37.975625
60762,-0.366,37.97625
60763,-0.367,37.976875
60764,-0.377,37.9775
60765,-0.468,37.978125
60766,-0.505,37.97875
60767,-0.456,37.979375
60768,-0.527,37.98
60769,-0.578,37.980625
60770,-0.609,37.98125
60771,-0.616,37.981875
60772,-0.665,37.9825
60773,-0.709,37.983125
60774,-0.722,37.98375
60775,-0.739,37.984375
60776,-0.735,37.985
60777,-0.722,37.985625
60778,-0.799,37.98625
60779,-0.828,37.986875
60780,-0.831,37.9875
60781,-0.825,37.988125
60782,-0.832,37.98875
60783,-0.844,37.989375
60784,-0.859,37.99
60785,-0.936,37.990625
60786,-0.949,37.99125
60787,-0.929,37.991875
60788,-0.956,37.9925
60789,-0.952,37.993125
60790,-0.936,37.99375
60791,-0.916,37.994375
60792,-0.905,37.995
60793,-0.898,37.995625
60794,-0.894,37.99625
60795,-0.881,37.996875
60796,-0.872,37.9975
60797,-0.862,37.998125
60798,-0.845,37.99875
60799,-0.814,37.999375
60800,-0.776,38.0
60801,-0.733,38.000625
60802,-0.767,38.00125
60803,-0.762,38.001875
60804,-0.729,38.0025
60805,-0.685,38.003125
60806,-0.727,38.00375
60807,-0.757,38.004375
60808,-0.716,38.005
60809,-0.644,38.005625
60810,-0.612,38.00625
60811,-0.62,38.006875
60812,-0.64,38.0075
60813,-0.649,38.008125
60814,-0.639,38.00875
60815,-0.595,38.009375
60816,-0.592,38.01
60817,-0.591,38.010625
60818,-0.584,38.01125
60819,-0.553,38.011875
60820,-0.543,38.0125
60821,-0.543,38.013125
60822,-0.526,38.01375
60823,-0.527,38.014375
60824,-0.532,38.015
60825,-0.532,38.015625
60826,-0.573,38.01625
60827,-0.569,38.016875
60828,-0.523,38.0175
60829,-0.482,38.018125
60830,-0.479,38.01875
60831,-0.484,38.019375
60832,-0.467,38.02
60833,-0.488,38.020625
60834,-0.484,38.02125
60835,-0.441,38.021875
60836,-0.454,38.0225
60837,-0.458,38.023125
60838,-0.459,38.02375
60839,-0.479,38.024375
60840,-0.502,38.025
60841,-0.52,38.025625
60842,-0.526,38.02625
60843,-0.489,38.026875
60844,-0.485,38.0275
60845,-0.515,38.028125
60846,-0.542,38.02875
60847,-0.544,38.029375
60848,-0.55,38.03
60849,-0.601,38.030625
60850,-0.599,38.03125
60851,-0.61,38.031875
60852,-0.646,38.0325
60853,-0.622,38.033125
60854,-0.641,38.03375
60855,-0.689,38.034375
60856,-0.736,38.035
60857,-0.765,38.035625
60858,-0.802,38.03625
60859,-0.863,38.036875
60860,-0.876,38.0375
60861,-0.867,38.038125
60862,-0.849,38.03875
60863,-0.914,38.039375
60864,-0.936,38.04
60865,-0.939,38.040625
60866,-0.939,38.04125
60867,-0.97,38.041875
60868,-0.987,38.0425
60869,-0.976,38.043125
60870,-0.942,38.04375
60871,-0.964,38.044375
60872,-1.008,38.045
60873,-0.994,38.045625
60874,-0.963,38.04625
60875,-0.935,38.046875
60876,-0.925,38.0475
60877,-0.984,38.048125
60878,-1.01,38.04875
60879,-1.004,38.049375
60880,-1.034,38.05
60881,-1.007,38.050625
60882,-0.965,38.05125
60883,-0.954,38.051875
60884,-0.947,38.0525
60885,-0.946,38.053125
60886,-0.952,38.05375
60887,-0.922,38.054375
60888,-0.916,38.055
60889,-0.917,38.055625
60890,-0.88,38.05625
60891,-0.877,38.056875
60892,-0.882,38.0575
60893,-0.886,38.058125
60894,-0.898,38.05875
60895,-0.91,38.059375
60896,-0.92,38.06
60897,-0.923,38.060625
60898,-0.929,38.06125
60899,-0.943,38.061875
60900,-0.977,38.0625
60901,-0.987,38.063125
60902,-0.971,38.06375
60903,-0.925,38.064375
60904,-0.965,38.065
60905,-0.963,38.065625
60906,-0.939,38.06625
60907,-0.939,38.066875
60908,-0.892,38.0675
60909,-0.857,38.068125
60910,-0.871,38.06875
60911,-0.824,38.069375
60912,-0.789,38.07
60913,-0.768,38.070625
60914,-0.737,38.07125
60915,-0.749,38.071875
60916,-0.774,38.0725
60917,-0.784,38.073125
60918,-0.734,38.07375
60919,-0.674,38.074375
60920,-0.618,38.075
60921,-0.649,38.075625
60922,-0.618,38.07625
60923,-0.557,38.076875
60924,-0.536,38.0775
60925,-0.565,38.078125
60926,-0.565,38.07875
60927,-0.484,38.079375
60928,-0.4,38.08
60929,-0.315,38.080625
60930,-0.235,38.08125
60931,-0.187,38.081875
60932,-0.163,38.0825
60933,-0.134,38.083125
60934,-0.063,38.08375
60935,0.051,38.084375
60936,0.117,38.085
60937,0.113,38.085625
60938,0.251,38.08625
60939,0.386,38.086875
60940,0.5,38.0875
60941,0.537,38.088125
60942,0.657,38.08875
60943,0.788,38.089375
60944,0.893,38.09
60945,0.97,38.090625
60946,1.014,38.09125
60947,1.047,38.091875
60948,1.227,38.0925
60949,1.313,38.093125
60950,1.377,38.09375
60951,1.495,38.094375
60952,1.594,38.095
60953,1.698,38.095625
60954,1.816,38.09625
60955,1.901,38.096875
60956,1.973,38.0975
60957,2.053,38.098125
60958,2.201,38.09875
60959,2.234,38.099375
60960,2.287,38.1
60961,2.446,38.100625
60962,2.573,38.10125
60963,2.646,38.101875
60964,2.675,38.1025
60965,2.753,38.103125
60966,2.84,38.10375
60967,2.931,38.104375
60968,3.022,38.105
60969,3.128,38.105625
60970,3.214,38.10625
60971,3.272,38.106875
60972,3.38,38.1075
60973,3.448,38.108125
60974,3.502,38.10875
60975,3.617,38.109375
60976,3.672,38.11
60977,3.724,38.110625
60978,3.802,38.11125
60979,3.86,38.111875
60980,3.913,38.1125
60981,3.962,38.113125
60982,4.03,38.11375
60983,4.102,38.114375
60984,4.162,38.115
60985,4.182,38.115625
60986,4.28,38.11625
60987,4.358,38.116875
60988,4.391,38.1175
60989,4.415,38.118125
60990,4.449,38.11875
60991,4.482,38.119375
60992,4.482,38.12
60993,4.5,38.120625
60994,4.538,38.12125
60995,4.602,38.121875
60996,4.591,38.1225
60997,4.591,38.123125
60998,4.608,38.12375
60999,4.629,38.124375
61000,4.621,38.125
61001,4.609,38.125625
61002,4.619,38.12625
61003,4.65,38.126875
61004,4.682,38.1275
61005,4.712,38.128125
61006,4.756,38.12875
61007,4.748,38.129375
61008,4.715,38.13
61009,4.736,38.130625
61010,4.766,38.13125
61011,4.817,38.131875
61012,4.898,38.1325
61013,4.84,38.133125
61014,4.835,38.13375
61015,4.881,38.134375
61016,4.843,38.135
61017,4.829,38.135625
61018,4.829,38.13625
61019,4.835,38.136875
61020,4.816,38.1375
61021,4.782,38.138125
61022,4.736,38.13875
61023,4.78,38.139375
61024,4.743,38.14
61025,4.663,38.140625
61026,4.633,38.14125
61027,4.68,38.141875
61028,4.707,38.1425
61029,4.653,38.143125
61030,4.577,38.14375
61031,4.512,38.144375
61032,4.46,38.145
61033,4.429,38.145625
61034,4.429,38.14625
61035,4.436,38.146875
61036,4.426,38.1475
61037,4.39,38.148125
61038,4.352,38.14875
61039,4.319,38.149375
61040,4.329,38.15
61041,4.303,38.150625
61042,4.254,38.15125
61043,4.21,38.151875
61044,4.202,38.1525
61045,4.182,38.153125
61046,4.118,38.15375
61047,4.079,38.154375
61048,4.069,38.155
61049,4.076,38.155625
61050,3.988,38.15625
61051,3.921,38.156875
61052,3.853,38.1575
61053,3.755,38.158125
61054,3.645,38.15875
61055,3.545,38.159375
61056,3.46,38.16
61057,3.342,38.160625
61058,3.264,38.16125
61059,3.205,38.161875
61060,3.107,38.1625
61061,3.004,38.163125
61062,2.878,38.16375
61063,2.712,38.164375
61064,2.653,38.165
61065,2.544,38.165625
61066,2.391,38.16625
61067,2.353,38.166875
61068,2.282,38.1675
61069,2.218,38.168125
61070,2.221,38.16875
61071,2.242,38.169375
61072,2.266,38.17
61073,2.291,38.170625
61074,2.436,38.17125
61075,2.622,38.171875
61076,2.823,38.1725
61077,2.968,38.173125
61078,3.152,38.17375
61079,3.361,38.174375
61080,3.594,38.175
61081,3.78,38.175625
61082,3.949,38.17625
61083,4.101,38.176875
61084,4.226,38.1775
61085,4.437,38.178125
61086,4.646,38.17875
61087,4.74,38.179375
61088,4.892,38.18
61089,5.023,38.180625
61090,5.111,38.18125
61091,5.233,38.181875
61092,5.312,38.1825
61093,5.368,38.183125
61094,5.449,38.18375
61095,5.556,38.184375
61096,5.609,38.185
61097,5.545,38.185625
61098,5.625,38.18625
61099,5.697,38.186875
61100,5.743,38.1875
61101,5.705,38.188125
61102,5.666,38.18875
61103,5.632,38.189375
61104,5.619,38.19
61105,5.551,38.190625
61106,5.514,38.19125
61107,5.529,38.191875
61108,5.424,38.1925
61109,5.336,38.193125
61110,5.261,38.19375
61111,5.2,38.194375
61112,5.096,38.195
61113,5.004,38.195625
61114,4.964,38.19625
61115,4.838,38.196875
61116,4.76,38.1975
61117,4.725,38.198125
61118,4.61,38.19875
61119,4.516,38.199375
61120,4.445,38.2
61121,4.415,38.200625
61122,4.364,38.20125
61123,4.304,38.201875
61124,4.238,38.2025
61125,4.272,38.203125
61126,4.276,38.20375
61127,4.27,38.204375
61128,4.317,38.205
61129,4.303,38.205625
61130,4.29,38.20625
61131,4.317,38.206875
61132,4.338,38.2075
61133,4.357,38.208125
61134,4.374,38.20875
61135,4.398,38.209375
61136,4.444,38.21
61137,4.516,38.210625
61138,4.628,38.21125
61139,4.713,38.211875
61140,4.8,38.2125
61141,4.895,38.213125
61142,4.983,38.21375
61143,5.04,38.214375
61144,5.084,38.215
61145,5.159,38.215625
61146,5.243,38.21625
61147,5.342,38.216875
61148,5.46,38.2175
61149,5.547,38.218125
61150,5.628,38.21875
61151,5.699,38.219375
61152,5.713,38.22
61153,5.837,38.220625
61154,5.981,38.22125
61155,6.039,38.221875
61156,6.071,38.2225
61157,6.102,38.223125
61158,6.14,38.22375
61159,6.207,38.224375
61160,6.301,38.225
61161,6.4,38.225625
61162,6.44,38.22625
61163,6.447,38.226875
61164,6.473,38.2275
61165,6.554,38.228125
61166,6.604,38.22875
61167,6.639,38.229375
61168,6.674,38.23
61169,6.82,38.230625
61170,6.862,38.23125
61171,6.863,38.231875
61172,6.887,38.2325
61173,6.948,38.233125
61174,6.991,38.23375
61175,7.001,38.234375
61176,7.055,38.235
61177,7.089,38.235625
61178,7.102,38.23625
61179,7.082,38.236875
61180,7.167,38.2375
61181,7.237,38.238125
61182,7.213,38.23875
61183,7.29,38.239375
61184,7.367,38.24
61185,7.432,38.240625
61186,7.435,38.24125
61187,7.484,38.241875
61188,7.533,38.2425
61189,7.516,38.243125
61190,7.619,38.24375
61191,7.68,38.244375
61192,7.657,38.245
61193,7.725,38.245625
61194,7.779,38.24625
61195,7.826,38.246875
61196,7.89,38.2475
61197,7.957,38.248125
61198,8.007,38.24875
61199,8.024,38.249375
61200,8.032,38.25
61201,8.047,38.250625
61202,8.075,38.25125
61203,8.146,38.251875
61204,8.222,38.2525
61205,8.285,38.253125
61206,8.309,38.25375
61207,8.344,38.254375
61208,8.388,38.255
61209,8.442,38.255625
61210,8.435,38.25625
61211,8.45,38.256875
61212,8.48,38.2575
61213,8.507,38.258125
61214,8.557,38.25875
61215,8.585,38.259375
61216,8.554,38.26
61217,8.565,38.260625
61218,8.571,38.26125
61219,8.571,38.261875
61220,8.571,38.2625
61221,8.542,38.263125
61222,8.514,38.26375
61223,8.535,38.264375
61224,8.512,38.265
61225,8.505,38.265625
61226,8.529,38.26625
61227,8.573,38.266875
61228,8.546,38.2675
61229,8.481,38.268125
61230,8.457,38.26875
61231,8.464,38.269375
61232,8.487,38.27
61233,8.521,38.270625
61234,8.57,38.27125
61235,8.59,38.271875
61236,8.589,38.2725
61237,8.677,38.273125
61238,8.68,38.27375
61239,8.648,38.274375
61240,8.631,38.275
61241,8.626,38.275625
61242,8.617,38.27625
61243,8.6,38.276875
61244,8.617,38.2775
61245,8.638,38.278125
61246,8.663,38.27875
61247,8.693,38.279375
61248,8.711,38.28
61249,8.713,38.280625
61250,8.692,38.28125
61251,8.732,38.281875
61252,8.762,38.2825
61253,8.781,38.283125
61254,8.818,38.28375
61255,8.86,38.284375
61256,8.906,38.285
61257,8.96,38.285625
61258,8.974,38.28625
61259,8.987,38.286875
61260,9.007,38.2875
61261,8.987,38.288125
61262,9.002,38.28875
61263,9.033,38.289375
61264,9.02,38.29
61265,9.004,38.290625
61266,9.003,38.29125
61267,9.033,38.291875
61268,9.07,38.2925
61269,9.069,38.293125
61270,9.03,38.29375
61271,8.966,38.294375
61272,8.974,38.295
61273,9.005,38.295625
61274,8.998,38.29625
61275,9.08,38.296875
61276,9.12,38.2975
61277,9.084,38.298125
61278,9.087,38.29875
61279,9.096,38.299375
61280,9.112,38.3
61281,9.135,38.300625
61282,9.103,38.30125
61283,9.07,38.301875
61284,9.074,38.3025
61285,9.058,38.303125
61286,9.04,38.30375
61287,9.024,38.304375
61288,9.051,38.305
61289,9.041,38.305625
61290,9.02,38.30625
61291,9.017,38.306875
61292,9.039,38.3075
61293,9.041,38.308125
61294,9.007,38.30875
61295,9.017,38.309375
61296,8.989,38.31
61297,8.941,38.310625
61298,8.917,38.31125
61299,8.929,38.311875
61300,8.932,38.3125
61301,8.895,38.313125
61302,8.905,38.31375
61303,8.897,38.314375
61304,8.872,38.315
61305,8.858,38.315625
61306,8.845,38.31625
61307,8.84,38.316875
61308,8.86,38.3175
61309,8.818,38.318125
61310,8.794,38.31875
61311,8.81,38.319375
61312,8.749,38.32
61313,8.74,38.320625
61314,8.757,38.32125
61315,8.723,38.321875
61316,8.692,38.3225
61317,8.649,38.323125
61318,8.581,38.32375
61319,8.554,38.324375
61320,8.561,38.325
61321,8.591,38.325625
61322,8.551,38.32625
61323,8.49,38.326875
61324,8.447,38.3275
61325,8.484,38.328125
61326,8.405,38.32875
61327,8.346,38.329375
61328,8.346,38.33
61329,8.285,38.330625
61330,8.272,38.33125
61331,8.281,38.331875
61332,8.237,38.3325
61333,8.201,38.333125
61334,8.191,38.33375
61335,8.228,38.334375
61336,8.109,38.335
61337,8.036,38.335625
61338,8.014,38.33625
61339,7.947,38.336875
61340,7.92,38.3375
61341,7.907,38.338125
61342,7.873,38.33875
61343,7.796,38.339375
61344,7.726,38.34
61345,7.676,38.340625
61346,7.632,38.34125
61347,7.576,38.341875
61348,7.512,38.3425
61349,7.451,38.343125
61350,7.408,38.34375
61351,7.373,38.344375
61352,7.343,38.345
61353,7.288,38.345625
61354,7.259,38.34625
61355,7.252,38.346875
61356,7.167,38.3475
61357,7.105,38.348125
61358,7.058,38.34875
61359,7.021,38.349375
61360,6.981,38.35
61361,6.93,38.350625
61362,6.866,38.35125
61363,6.785,38.351875
61364,6.756,38.3525
61365,6.759,38.353125
61366,6.745,38.35375
61367,6.678,38.354375
61368,6.617,38.355
61369,6.6,38.355625
61370,6.542,38.35625
61371,6.478,38.356875
61372,6.411,38.3575
61373,6.346,38.358125
61374,6.323,38.35875
61375,6.309,38.359375
61376,6.265,38.36
61377,6.224,38.360625
61378,6.172,38.36125
61379,6.105,38.361875
61380,6.041,38.3625
61381,6.02,38.363125
61382,6.016,38.36375
61383,5.941,38.364375
61384,5.908,38.365
61385,5.903,38.365625
61386,5.926,38.36625
61387,5.866,38.366875
61388,5.82,38.3675
61389,5.802,38.368125
61390,5.839,38.36875
61391,5.826,38.369375
61392,5.807,38.37
61393,5.837,38.370625
61394,5.825,38.37125
61395,5.815,38.371875
61396,5.818,38.3725
61397,5.801,38.373125
61398,5.828,38.37375
61399,5.869,38.374375
61400,5.832,38.375
61401,5.767,38.375625
61402,5.724,38.37625
61403,5.745,38.376875
61404,5.768,38.3775
61405,5.792,38.378125
61406,5.813,38.37875
61407,5.813,38.379375
61408,5.813,38.38
61409,5.806,38.380625
61410,5.779,38.38125
61411,5.789,38.381875
61412,5.759,38.3825
61413,5.665,38.383125
61414,5.733,38.38375
61415,5.747,38.384375
61416,5.723,38.385
61417,5.703,38.385625
61418,5.685,38.38625
61419,5.672,38.386875
61420,5.665,38.3875
61421,5.64,38.388125
61422,5.625,38.38875
61423,5.616,38.389375
61424,5.548,38.39
61425,5.48,38.390625
61426,5.42,38.39125
61427,5.379,38.391875
61428,5.358,38.3925
61429,5.342,38.393125
61430,5.324,38.39375
61431,5.199,38.394375
61432,5.144,38.395
61433,5.127,38.395625
61434,5.063,38.39625
61435,5.037,38.396875
61436,5.022,38.3975
61437,5.005,38.398125
61438,4.938,38.39875
61439,4.883,38.399375
61440,4.848,38.4
61441,4.868,38.400625
61442,4.868,38.40125
61443,4.844,38.401875
61444,4.78,38.4025
61445,4.755,38.403125
61446,4.713,38.40375
61447,4.635,38.404375
61448,4.608,38.405
61449,4.579,38.405625
61450,4.552,38.40625
61451,4.542,38.406875
61452,4.506,38.4075
61453,4.468,38.408125
61454,4.441,38.40875
61455,4.395,38.409375
61456,4.363,38.41
61457,4.343,38.410625
61458,4.289,38.41125
61459,4.255,38.411875
61460,4.226,38.4125
61461,4.178,38.413125
61462,4.114,38.41375
61463,4.052,38.414375
61464,3.999,38.415
61465,4.053,38.415625
61466,4.069,38.41625
61467,4.053,38.416875
61468,4.009,38.4175
61469,4.003,38.418125
61470,4.015,38.41875
61471,4.035,38.419375
61472,4.012,38.42
61473,4.036,38.420625
61474,4.098,38.42125
61475,4.038,38.421875
61476,4.058,38.4225
61477,4.116,38.423125
61478,4.163,38.42375
61479,4.159,38.424375
61480,4.139,38.425
61481,4.109,38.425625
61482,4.18,38.42625
61483,4.213,38.426875
61484,4.223,38.4275
61485,4.246,38.428125
61486,4.29,38.42875
61487,4.348,38.429375
61488,4.419,38.43
61489,4.406,38.430625
61490,4.411,38.43125
61491,4.439,38.431875
61492,4.439,38.4325
61493,4.484,38.433125
61494,4.541,38.43375
61495,4.564,38.434375
61496,4.565,38.435
61497,4.566,38.435625
61498,4.573,38.43625
61499,4.58,38.436875
61500,4.648,38.4375
61501,4.738,38.438125
61502,4.725,38.43875
61503,4.696,38.439375
61504,4.691,38.44
61505,4.741,38.440625
61506,4.717,38.44125
61507,4.709,38.441875
61508,4.716,38.4425
61509,4.652,38.443125
61510,4.678,38.44375
61511,4.745,38.444375
61512,4.803,38.445
61513,4.801,38.445625
61514,4.812,38.44625
61515,4.855,38.446875
61516,4.872,38.4475
61517,4.899,38.448125
61518,4.926,38.44875
61519,4.915,38.449375
61520,4.951,38.45
61521,4.986,38.450625
61522,4.989,38.45125
61523,4.937,38.451875
61524,4.945,38.4525
61525,5.01,38.453125
61526,4.969,38.45375
61527,5.008,38.454375
61528,5.067,38.455
61529,5.07,38.455625
61530,5.057,38.45625
61531,5.041,38.456875
61532,5.028,38.4575
61533,5.082,38.458125
61534,5.071,38.45875
61535,5.029,38.459375
61536,5.063,38.46
61537,5.035,38.460625
61538,5.008,38.46125
61539,5.022,38.461875
61540,5.017,38.4625
61541,5.059,38.463125
61542,5.133,38.46375
61543,5.014,38.464375
61544,5.014,38.465
61545,5.076,38.465625
61546,5.154,38.46625
61547,5.105,38.466875
61548,5.061,38.4675
61549,5.061,38.468125
61550,5.044,38.46875
61551,5.065,38.469375
61552,5.105,38.47
61553,5.108,38.470625
61554,5.076,38.47125
61555,5.055,38.471875
61556,5.079,38.4725
61557,5.059,38.473125
61558,5.049,38.47375
61559,5.055,38.474375
61560,5.088,38.475
61561,5.075,38.475625
61562,5.059,38.47625
61563,5.106,38.476875
61564,5.156,38.4775
61565,5.207,38.478125
61566,5.258,38.47875
61567,5.258,38.479375
61568,5.256,38.48
61569,5.256,38.480625
61570,5.273,38.48125
61571,5.3,38.481875
61572,5.335,38.4825
61573,5.379,38.483125
61574,5.45,38.48375
61575,5.52,38.484375
61576,5.575,38.485
61577,5.531,38.485625
61578,5.55,38.48625
61579,5.596,38.486875
61580,5.626,38.4875
61581,5.637,38.488125
61582,5.659,38.48875
61583,5.703,38.489375
61584,5.713,38.49
61585,5.741,38.490625
61586,5.776,38.49125
61587,5.783,38.491875
61588,5.764,38.4925
61589,5.77,38.493125
61590,5.841,38.49375
61591,5.831,38.494375
61592,5.829,38.495
61593,5.84,38.495625
61594,5.82,38.49625
61595,5.777,38.496875
61596,5.733,38.4975
61597,5.72,38.498125
61598,5.76,38.49875
61599,5.764,38.499375
61600,5.703,38.5
61601,5.757,38.500625
61602,5.791,38.50125
61603,5.806,38.501875
61604,5.793,38.5025
61605,5.787,38.503125
61606,5.77,38.50375
61607,5.726,38.504375
61608,5.741,38.505
61609,5.739,38.505625
61610,5.714,38.50625
61611,5.67,38.506875
61612,5.646,38.5075
61613,5.622,38.508125
61614,5.568,38.50875
61615,5.528,38.509375
61616,5.519,38.51
61617,5.55,38.510625
61618,5.563,38.51125
61619,5.528,38.511875
61620,5.478,38.5125
61621,5.539,38.513125
61622,5.534,38.51375
61623,5.5,38.514375
61624,5.453,38.515
61625,5.446,38.515625
61626,5.441,38.51625
61627,5.435,38.516875
61628,5.442,38.5175
61629,5.429,38.518125
61630,5.417,38.51875
61631,5.44,38.519375
61632,5.419,38.52
61633,5.4,38.520625
61634,5.397,38.52125
61635,5.4,38.521875
61636,5.419,38.5225
61637,5.442,38.523125
61638,5.425,38.52375
61639,5.423,38.524375
61640,5.42,38.525
61641,5.403,38.525625
61642,5.408,38.52625
61643,5.382,38.526875
61644,5.33,38.5275
61645,5.333,38.528125
61646,5.37,38.52875
61647,5.392,38.529375
61648,5.314,38.53
61649,5.309,38.530625
61650,5.314,38.53125
61651,5.31,38.531875
61652,5.344,38.5325
61653,5.346,38.533125
61654,5.329,38.53375
61655,5.329,38.534375
61656,5.302,38.535
61657,5.297,38.535625
61658,5.358,38.53625
61659,5.32,38.536875
61660,5.276,38.5375
61661,5.235,38.538125
61662,5.198,38.53875
61663,5.22,38.539375
61664,5.246,38.54
61665,5.199,38.540625
61666,5.236,38.54125
61667,5.262,38.541875
61668,5.248,38.5425
61669,5.255,38.543125
61670,5.254,38.54375
61671,5.249,38.544375
61672,5.256,38.545
61673,5.23,38.545625
61674,5.213,38.54625
61675,5.237,38.546875
61676,5.245,38.5475
61677,5.255,38.548125
61678,5.271,38.54875
61679,5.311,38.549375
61680,5.334,38.55
61681,5.349,38.550625
61682,5.369,38.55125
61683,5.381,38.551875
61684,5.416,38.5525
61685,5.487,38.553125
61686,5.45,38.55375
61687,5.48,38.554375
61688,5.539,38.555
61689,5.502,38.555625
61690,5.507,38.55625
61691,5.531,38.556875
61692,5.562,38.5575
61693,5.592,38.558125
61694,5.632,38.55875
61695,5.685,38.559375
61696,5.759,38.56
61697,5.771,38.560625
61698,5.757,38.56125
61699,5.764,38.561875
61700,5.771,38.5625
61701,5.806,38.563125
61702,5.88,38.56375
61703,5.887,38.564375
61704,5.868,38.565
61705,5.84,38.565625
61706,5.861,38.56625
61707,5.909,38.566875
61708,5.945,38.5675
61709,5.938,38.568125
61710,5.901,38.56875
61711,5.892,38.569375
61712,5.918,38.57
61713,5.972,38.570625
61714,5.995,38.57125
61715,5.997,38.571875
61716,5.987,38.5725
61717,6.036,38.573125
61718,6.073,38.57375
61719,6.076,38.574375
61720,6.13,38.575
61721,6.159,38.575625
61722,6.18,38.57625
61723,6.254,38.576875
61724,6.29,38.5775
61725,6.332,38.578125
61726,6.41,38.57875
61727,6.45,38.579375
61728,6.449,38.58
61729,6.417,38.580625
61730,6.485,38.58125
61731,6.501,38.581875
61732,6.501,38.5825
61733,6.531,38.583125
61734,6.536,38.58375
61735,6.55,38.584375
61736,6.584,38.585
61737,6.614,38.585625
61738,6.645,38.58625
61739,6.672,38.586875
61740,6.682,38.5875
61741,6.705,38.588125
61742,6.735,38.58875
61743,6.772,38.589375
61744,6.803,38.59
61745,6.782,38.590625
61746,6.718,38.59125
61747,6.775,38.591875
61748,6.797,38.5925
61749,6.793,38.593125
61750,6.766,38.59375
61751,6.795,38.594375
61752,6.814,38.595
61753,6.804,38.595625
61754,6.814,38.59625
61755,6.821,38.596875
61756,6.822,38.5975
61757,6.816,38.598125
61758,6.832,38.59875
61759,6.832,38.599375
61760,6.784,38.6
61761,6.787,38.600625
61762,6.808,38.60125
61763,6.842,38.601875
61764,6.839,38.6025
61765,6.88,38.603125
61766,6.925,38.60375
61767,6.908,38.604375
61768,6.888,38.605
61769,6.878,38.605625
61770,6.881,38.60625
61771,6.938,38.606875
61772,6.947,38.6075
61773,6.929,38.608125
61774,6.959,38.60875
61775,6.965,38.609375
61776,6.952,38.61
61777,6.922,38.610625
61778,6.935,38.61125
61779,6.942,38.611875
61780,6.933,38.6125
61781,6.869,38.613125
61782,6.912,38.61375
61783,6.982,38.614375
61784,6.965,38.615
61785,6.99,38.615625
61786,7.021,38.61625
61787,7.048,38.616875
61788,7.139,38.6175
61789,7.211,38.618125
61790,7.263,38.61875
61791,7.287,38.619375
61792,7.308,38.62
61793,7.324,38.620625
61794,7.33,38.62125
61795,7.346,38.621875
61796,7.377,38.6225
61797,7.419,38.623125
61798,7.446,38.62375
61799,7.48,38.624375
61800,7.506,38.625
61801,7.496,38.625625
61802,7.519,38.62625
61803,7.54,38.626875
61804,7.546,38.6275
61805,7.634,38.628125
61806,7.64,38.62875
61807,7.602,38.629375
61808,7.649,38.63
61809,7.624,38.630625
61810,7.609,38.63125
61811,7.666,38.631875
61812,7.69,38.6325
61813,7.696,38.633125
61814,7.69,38.63375
61815,7.69,38.634375
61816,7.679,38.635
61817,7.679,38.635625
61818,7.734,38.63625
61819,7.768,38.636875
61820,7.786,38.6375
61821,7.786,38.638125
61822,7.783,38.63875
61823,7.807,38.639375
61824,7.845,38.64
61825,7.855,38.640625
61826,7.911,38.64125
61827,7.952,38.641875
61828,7.931,38.6425
61829,7.957,38.643125
61830,7.959,38.64375
61831,7.933,38.644375
61832,7.92,38.645
61833,7.971,38.645625
61834,8.036,38.64625
61835,8.039,38.646875
61836,7.987,38.6475
61837,7.971,38.648125
61838,8.025,38.64875
61839,8.019,38.649375
61840,8.004,38.65
61841,7.988,38.650625
61842,7.995,38.65125
61843,7.994,38.651875
61844,8.012,38.6525
61845,8.073,38.653125
61846,8.044,38.65375
61847,8.019,38.654375
61848,8.008,38.655
61849,8.035,38.655625
61850,8.009,38.65625
61851,7.956,38.656875
61852,7.905,38.6575
61853,7.882,38.658125
61854,7.874,38.65875
61855,7.877,38.659375
61856,7.874,38.66
61857,7.825,38.660625
61858,7.752,38.66125
61859,7.718,38.661875
61860,7.704,38.6625
61861,7.694,38.663125
61862,7.677,38.66375
61863,7.62,38.664375
61864,7.586,38.665
61865,7.572,38.665625
61866,7.467,38.66625
61867,7.443,38.666875
61868,7.456,38.6675
61869,7.456,38.668125
61870,7.43,38.66875
61871,7.404,38.669375
61872,7.384,38.67
61873,7.404,38.670625
61874,7.377,38.67125
61875,7.327,38.671875
61876,7.33,38.6725
61877,7.346,38.673125
61878,7.335,38.67375
61879,7.261,38.674375
61880,7.218,38.675
61881,7.185,38.675625
61882,7.167,38.67625
61883,7.207,38.676875
61884,7.17,38.6775
61885,7.091,38.678125
61886,7.01,38.67875
61887,6.94,38.679375
61888,6.915,38.68
61889,6.953,38.680625
61890,6.872,38.68125
61891,6.836,38.681875
61892,6.82,38.6825
61893,6.735,38.683125
61894,6.686,38.68375
61895,6.661,38.684375
61896,6.661,38.685
61897,6.655,38.685625
61898,6.654,38.68625
61899,6.66,38.686875
61900,6.65,38.6875
61901,6.646,38.688125
61902,6.65,38.68875
61903,6.667,38.689375
61904,6.676,38.69
61905,6.674,38.690625
61906,6.661,38.69125
61907,6.61,38.691875
61908,6.604,38.6925
61909,6.629,38.693125
61910,6.643,38.69375
61911,6.671,38.694375
61912,6.678,38.695
61913,6.627,38.695625
61914,6.622,38.69625
61915,6.606,38.696875
61916,6.573,38.6975
61917,6.549,38.698125
61918,6.614,38.69875
61919,6.701,38.699375
61920,6.712,38.7
61921,6.722,38.700625
61922,6.693,38.70125
61923,6.609,38.701875
61924,6.662,38.7025
61925,6.683,38.703125
61926,6.679,38.70375
61927,6.672,38.704375
61928,6.638,38.705
61929,6.607,38.705625
61930,6.604,38.70625
61931,6.591,38.706875
61932,6.569,38.7075
61933,6.546,38.708125
61934,6.617,38.70875
61935,6.628,38.709375
61936,6.608,38.71
61937,6.588,38.710625
61938,6.545,38.71125
61939,6.513,38.711875
61940,6.503,38.7125
61941,6.54,38.713125
61942,6.551,38.71375
61943,6.547,38.714375
61944,6.557,38.715
61945,6.573,38.715625
61946,6.58,38.71625
61947,6.566,38.716875
61948,6.586,38.7175
61949,6.557,38.718125
61950,6.478,38.71875
61951,6.471,38.719375
61952,6.485,38.72
61953,6.494,38.720625
61954,6.461,38.72125
61955,6.466,38.721875
61956,6.463,38.7225
61957,6.436,38.723125
61958,6.402,38.72375
61959,6.394,38.724375
61960,6.391,38.725
61961,6.32,38.725625
61962,6.302,38.72625
61963,6.297,38.726875
61964,6.284,38.7275
61965,6.276,38.728125
61966,6.288,38.72875
61967,6.313,38.729375
61968,6.269,38.73
61969,6.229,38.730625
61970,6.204,38.73125
61971,6.218,38.731875
61972,6.262,38.7325
61973,6.306,38.733125
61974,6.34,38.73375
61975,6.326,38.734375
61976,6.327,38.735
61977,6.337,38.735625
61978,6.347,38.73625
61979,6.387,38.736875
61980,6.419,38.7375
61981,6.412,38.738125
61982,6.452,38.73875
61983,6.502,38.739375
61984,6.56,38.74
61985,6.617,38.740625
61986,6.612,38.74125
61987,6.599,38.741875
61988,6.66,38.7425
61989,6.64,38.743125
61990,6.66,38.74375
61991,6.765,38.744375
61992,6.769,38.745
61993,6.794,38.745625
61994,6.828,38.74625
61995,6.828,38.746875
61996,6.856,38.7475
61997,6.882,38.748125
61998,6.885,38.74875
61999,6.932,38.749375
62000,6.958,38.75
62001,6.96,38.750625
62002,6.994,38.75125
62003,7.019,38.751875
62004,7.037,38.7525
62005,7.051,38.753125
62006,7.017,38.75375
62007,7.02,38.754375
62008,7.091,38.755
62009,7.098,38.755625
62010,7.095,38.75625
62011,7.086,38.756875
62012,7.083,38.7575
62013,7.087,38.758125
62014,7.091,38.75875
62015,7.087,38.759375
62016,7.117,38.76
62017,7.128,38.760625
62018,7.119,38.76125
62019,7.166,38.761875
62020,7.187,38.7625
62021,7.186,38.763125
62022,7.159,38.76375
62023,7.168,38.764375
62024,7.193,38.765
62025,7.23,38.765625
62026,7.234,38.76625
62027,7.233,38.766875
62028,7.24,38.7675
62029,7.305,38.768125
62030,7.289,38.76875
62031,7.258,38.769375
62032,7.255,38.77
62033,7.248,38.770625
62034,7.25,38.77125
62035,7.261,38.771875
62036,7.281,38.7725
62037,7.237,38.773125
62038,7.19,38.77375
62039,7.241,38.774375
62040,7.252,38.775
62041,7.244,38.775625
62042,7.216,38.77625
62043,7.246,38.776875
62044,7.228,38.7775
62045,7.176,38.778125
62046,7.132,38.77875
62047,7.125,38.779375
62048,7.166,38.78
62049,7.277,38.780625
62050,7.19,38.78125
62051,7.148,38.781875
62052,7.178,38.7825
62053,7.256,38.783125
62054,7.261,38.78375
62055,7.25,38.784375
62056,7.31,38.785
62057,7.285,38.785625
62058,7.27,38.78625
62059,7.297,38.786875
62060,7.324,38.7875
62061,7.384,38.788125
62062,7.458,38.78875
62063,7.475,38.789375
62064,7.422,38.79
62065,7.382,38.790625
62066,7.423,38.79125
62067,7.396,38.791875
62068,7.363,38.7925
62069,7.328,38.793125
62070,7.277,38.79375
62071,7.259,38.794375
62072,7.259,38.795
62073,7.259,38.795625
62074,7.212,38.79625
62075,7.136,38.796875
62076,7.031,38.7975
62077,6.973,38.798125
62078,6.9,38.79875
62079,6.811,38.799375
62080,6.696,38.8
62081,6.596,38.800625
62082,6.501,38.80125
62083,6.407,38.801875
62084,6.297,38.8025
62085,6.21,38.803125
62086,6.145,38.80375
62087,6.027,38.804375
62088,5.975,38.805
62089,5.92,38.805625
62090,5.745,38.80625
62091,5.666,38.806875
62092,5.584,38.8075
62093,5.466,38.808125
62094,5.374,38.80875
62095,5.281,38.809375
62096,5.185,38.81
62097,5.084,38.810625
62098,5.0,38.81125
62099,4.896,38.811875
62100,4.737,38.8125
62101,4.673,38.813125
62102,4.599,38.81375
62103,4.51,38.814375
62104,4.496,38.815
62105,4.404,38.815625
62106,4.28,38.81625
62107,4.192,38.816875
62108,4.123,38.8175
62109,4.06,38.818125
62110,3.999,38.81875
62111,4.005,38.819375
62112,3.981,38.82
62113,3.937,38.820625
62114,3.914,38.82125
62115,3.858,38.821875
62116,3.803,38.8225
62117,3.776,38.823125
62118,3.746,38.82375
62119,3.738,38.824375
62120,3.756,38.825
62121,3.779,38.825625
62122,3.731,38.82625
62123,3.655,38.826875
62124,3.617,38.8275
62125,3.682,38.828125
62126,3.739,38.82875
62127,3.749,38.829375
62128,3.607,38.83
62129,3.526,38.830625
62130,3.508,38.83125
62131,3.558,38.831875
62132,3.686,38.8325
62133,3.738,38.833125
62134,3.566,38.83375
62135,3.391,38.834375
62136,3.247,38.835
62137,3.133,38.835625
62138,2.92,38.83625
62139,2.731,38.836875
62140,2.689,38.8375
62141,3.098,38.838125
62142,3.48,38.83875
62143,3.776,38.839375
62144,3.952,38.84
62145,4.17,38.840625
62146,4.453,38.84125
62147,4.771,38.841875
62148,5.015,38.8425
62149,5.206,38.843125
62150,5.358,38.84375
62151,5.467,38.844375
62152,5.696,38.845
62153,5.984,38.845625
62154,6.304,38.84625
62155,6.337,38.846875
62156,6.448,38.8475
62157,6.561,38.848125
62158,6.544,38.84875
62159,6.45,38.849375
62160,6.375,38.85
62161,6.355,38.850625
62162,6.344,38.85125
62163,6.486,38.851875
62164,6.759,38.8525
62165,7.107,38.853125
62166,7.485,38.85375
62167,7.864,38.854375
62168,8.222,38.855
62169,8.508,38.855625
62170,8.717,38.85625
62171,8.847,38.856875
62172,8.902,38.8575
62173,8.964,38.858125
62174,9.008,38.85875
62175,8.971,38.859375
62176,8.926,38.86
62177,8.877,38.860625
62178,8.826,38.86125
62179,8.759,38.861875
62180,8.699,38.8625
62181,8.648,38.863125
62182,8.618,38.86375
62183,8.57,38.864375
62184,8.517,38.865
62185,8.467,38.865625
62186,8.374,38.86625
62187,8.282,38.866875
62188,8.198,38.8675
62189,8.113,38.868125
62190,7.992,38.86875
62191,7.873,38.869375
62192,7.832,38.87
62193,7.696,38.870625
62194,7.59,38.87125
62195,7.566,38.871875
62196,7.447,38.8725
62197,7.306,38.873125
62198,7.144,38.87375
62199,6.941,38.874375
62200,6.668,38.875
62201,6.396,38.875625
62202,6.19,38.87625
62203,6.029,38.876875
62204,5.846,38.8775
62205,5.635,38.878125
62206,5.452,38.87875
62207,5.253,38.879375
62208,5.057,38.88
62209,4.908,38.880625
62210,4.656,38.88125
62211,4.407,38.881875
62212,4.205,38.8825
62213,3.906,38.883125
62214,3.621,38.88375
62215,3.343,38.884375
62216,3.038,38.885
62217,2.749,38.885625
62218,2.475,38.88625
62219,2.225,38.886875
62220,2.02,38.8875
62221,1.787,38.888125
62222,1.519,38.88875
62223,1.286,38.889375
62224,1.053,38.89
62225,0.834,38.890625
62226,0.665,38.89125
62227,0.477,38.891875
62228,0.283,38.8925
62229,0.087,38.893125
62230,-0.034,38.89375
62231,-0.193,38.894375
62232,-0.38,38.895
62233,-0.532,38.895625
62234,-0.68,38.89625
62235,-0.841,38.896875
62236,-1.041,38.8975
62237,-1.132,38.898125
62238,-1.231,38.89875
62239,-1.354,38.899375
62240,-1.51,38.9
62241,-1.615,38.900625
62242,-1.695,38.90125
62243,-1.783,38.901875
62244,-1.849,38.9025
62245,-1.898,38.903125
62246,-1.929,38.90375
62247,-2.002,38.904375
62248,-2.052,38.905
62249,-2.084,38.905625
62250,-2.124,38.90625
62251,-2.165,38.906875
62252,-2.182,38.9075
62253,-2.145,38.908125
62254,-2.158,38.90875
62255,-2.113,38.909375
62256,-1.996,38.91
62257,-1.884,38.910625
62258,-1.74,38.91125
62259,-1.591,38.911875
62260,-1.486,38.9125
62261,-1.305,38.913125
62262,-1.11,38.91375
62263,-0.92,38.914375
62264,-0.685,38.915
62265,-0.495,38.915625
62266,-0.333,38.91625
62267,-0.107,38.916875
62268,0.137,38.9175
62269,0.368,38.918125
62270,0.553,38.91875
62271,0.823,38.919375
62272,1.067,38.92
62273,1.27,38.920625
62274,1.469,38.92125
62275,1.746,38.921875
62276,2.046,38.9225
62277,2.269,38.923125
62278,2.508,38.92375
62279,2.754,38.924375
62280,3.004,38.925
62281,3.163,38.925625
62282,3.359,38.92625
62283,3.593,38.926875
62284,3.853,38.9275
62285,3.97,38.928125
62286,4.064,38.92875
62287,4.233,38.929375
62288,4.333,38.93
62289,4.434,38.930625
62290,4.544,38.93125
62291,4.628,38.931875
62292,4.721,38.9325
62293,4.822,38.933125
62294,4.93,38.93375
62295,5.032,38.934375
62296,5.117,38.935
62297,5.174,38.935625
62298,5.265,38.93625
62299,5.32,38.936875
62300,5.351,38.9375
62301,5.405,38.938125
62302,5.435,38.93875
62303,5.457,38.939375
62304,5.484,38.94
62305,5.496,38.940625
62306,5.488,38.94125
62307,5.458,38.941875
62308,5.437,38.9425
62309,5.436,38.943125
62310,5.435,38.94375
62311,5.391,38.944375
62312,5.29,38.945
62313,5.205,38.945625
62314,5.168,38.94625
62315,5.062,38.946875
62316,4.917,38.9475
62317,4.755,38.948125
62318,4.68,38.94875
62319,4.543,38.949375
62320,4.385,38.95
62321,4.236,38.950625
62322,4.058,38.95125
62323,3.886,38.951875
62324,3.73,38.9525
62325,3.618,38.953125
62326,3.485,38.95375
62327,3.341,38.954375
62328,3.203,38.955
62329,3.018,38.955625
62330,2.84,38.95625
62331,2.692,38.956875
62332,2.569,38.9575
62333,2.44,38.958125
62334,2.309,38.95875
62335,2.204,38.959375
62336,2.128,38.96
62337,2.05,38.960625
62338,1.938,38.96125
62339,1.874,38.961875
62340,1.812,38.9625
62341,1.747,38.963125
62342,1.73,38.96375
62343,1.741,38.964375
62344,1.746,38.965
62345,1.668,38.965625
62346,1.711,38.96625
62347,1.755,38.966875
62348,1.748,38.9675
62349,1.767,38.968125
62350,1.837,38.96875
62351,1.945,38.969375
62352,2.026,38.97
62353,2.102,38.970625
62354,2.2,38.97125
62355,2.352,38.971875
62356,2.439,38.9725
62357,2.541,38.973125
62358,2.674,38.97375
62359,2.83,38.974375
62360,3.006,38.975
62361,3.193,38.975625
62362,3.369,38.97625
62363,3.544,38.976875
62364,3.75,38.9775
62365,4.003,38.978125
62366,4.231,38.97875
62367,4.503,38.979375
62368,4.796,38.98
62369,4.965,38.980625
62370,5.184,38.98125
62371,5.404,38.981875
62372,5.577,38.9825
62373,5.722,38.983125
62374,5.87,38.98375
62375,6.025,38.984375
62376,6.157,38.985
62377,6.269,38.985625
62378,6.374,38.98625
62379,6.493,38.986875
62380,6.595,38.9875
62381,6.661,38.988125
62382,6.675,38.98875
62383,6.759,38.989375
62384,6.818,38.99
62385,6.857,38.990625
62386,6.931,38.99125
62387,7.022,38.991875
62388,7.101,38.9925
62389,7.131,38.993125
62390,7.176,38.99375
62391,7.228,38.994375
62392,7.284,38.995
62393,7.297,38.995625
62394,7.262,38.99625
62395,7.209,38.996875
62396,7.199,38.9975
62397,7.117,38.998125
62398,7.009,38.99875
62399,6.891,38.999375
62400,6.691,39.0
62401,6.512,39.000625
62402,6.358,39.00125
62403,6.233,39.001875
62404,6.072,39.0025
62405,5.89,39.003125
62406,5.694,39.00375
62407,5.51,39.004375
62408,5.364,39.005
62409,5.258,39.005625
62410,5.028,39.00625
62411,4.838,39.006875
62412,4.684,39.0075
62413,4.576,39.008125
62414,4.412,39.00875
62415,4.248,39.009375
62416,4.109,39.01
62417,3.874,39.010625
62418,3.656,39.01125
62419,3.449,39.011875
62420,3.192,39.0125
62421,3.024,39.013125
62422,2.84,39.01375
62423,2.529,39.014375
62424,2.325,39.015
62425,2.143,39.015625
62426,1.975,39.01625
62427,1.911,39.016875
62428,1.838,39.0175
62429,1.772,39.018125
62430,1.748,39.01875
62431,1.796,39.019375
62432,1.841,39.02
62433,1.848,39.020625
62434,2.007,39.02125
62435,2.121,39.021875
62436,2.206,39.0225
62437,2.388,39.023125
62438,2.561,39.02375
62439,2.752,39.024375
62440,2.995,39.025
62441,3.274,39.025625
62442,3.527,39.02625
62443,3.745,39.026875
62444,3.998,39.0275
62445,4.264,39.028125
62446,4.531,39.02875
62447,4.767,39.029375
62448,5.009,39.03
62449,5.246,39.030625
62450,5.473,39.03125
62451,5.712,39.031875
62452,5.986,39.0325
62453,6.295,39.033125
62454,6.637,39.03375
62455,6.916,39.034375
62456,7.175,39.035
62457,7.449,39.035625
62458,7.687,39.03625
62459,7.902,39.036875
62460,8.094,39.0375
62461,8.259,39.038125
62462,8.436,39.03875
62463,8.613,39.039375
62464,8.772,39.04
62465,8.942,39.040625
62466,9.126,39.04125
62467,9.333,39.041875
62468,9.468,39.0425
62469,9.585,39.043125
62470,9.684,39.04375
62471,9.742,39.044375
62472,9.761,39.045
62473,9.774,39.045625
62474,9.811,39.04625
62475,9.804,39.046875
62476,9.766,39.0475
62477,9.697,39.048125
62478,9.575,39.04875
62479,9.399,39.049375
62480,9.2,39.05
62481,9.041,39.050625
62482,8.826,39.05125
62483,8.628,39.051875
62484,8.482,39.0525
62485,8.25,39.053125
62486,8.046,39.05375
62487,7.863,39.054375
62488,7.627,39.055
62489,7.452,39.055625
62490,7.295,39.05625
62491,7.119,39.056875
62492,6.985,39.0575
62493,6.887,39.058125
62494,6.826,39.05875
62495,6.772,39.059375
62496,6.714,39.06
62497,6.667,39.060625
62498,6.674,39.06125
62499,6.611,39.061875
62500,6.549,39.0625
62501,6.519,39.063125
62502,6.462,39.06375
62503,6.387,39.064375
62504,6.302,39.065
62505,6.265,39.065625
62506,6.154,39.06625
62507,6.01,39.066875
62508,5.862,39.0675
62509,5.654,39.068125
62510,5.502,39.06875
62511,5.423,39.069375
62512,5.224,39.07
62513,5.07,39.070625
62514,4.955,39.07125
62515,4.881,39.071875
62516,4.666,39.0725
62517,4.394,39.073125
62518,4.09,39.07375
62519,3.94,39.074375
62520,3.766,39.075
62521,3.552,39.075625
62522,3.258,39.07625
62523,2.934,39.076875
62524,2.601,39.0775
62525,2.284,39.078125
62526,1.975,39.07875
62527,1.666,39.079375
62528,1.356,39.08
62529,1.096,39.080625
62530,0.898,39.08125
62531,0.743,39.081875
62532,0.605,39.0825
62533,0.501,39.083125
62534,0.381,39.08375
62535,0.219,39.084375
62536,0.102,39.085
62537,0.003,39.085625
62538,-0.078,39.08625
62539,-0.132,39.086875
62540,-0.198,39.0875
62541,-0.294,39.088125
62542,-0.453,39.08875
62543,-0.585,39.089375
62544,-0.709,39.09
62545,-0.829,39.090625
62546,-1.019,39.09125
62547,-1.185,39.091875
62548,-1.354,39.0925
62549,-1.591,39.093125
62550,-1.806,39.09375
62551,-2.04,39.094375
62552,-2.317,39.095
62553,-2.575,39.095625
62554,-2.852,39.09625
62555,-3.146,39.096875
62556,-3.444,39.0975
62557,-3.692,39.098125
62558,-3.942,39.09875
62559,-4.253,39.099375
62560,-4.584,39.1
62561,-4.857,39.100625
62562,-5.058,39.10125
62563,-5.44,39.101875
62564,-5.789,39.1025
62565,-6.116,39.103125
62566,-6.441,39.10375
62567,-6.789,39.104375
62568,-7.106,39.105
62569,-7.356,39.105625
62570,-7.568,39.10625
62571,-7.709,39.106875
62572,-7.79,39.1075
62573,-7.868,39.108125
62574,-7.995,39.10875
62575,-8.125,39.109375
62576,-8.206,39.11
62577,-8.31,39.110625
62578,-8.366,39.11125
62579,-8.359,39.111875
62580,-8.457,39.1125
62581,-8.668,39.113125
62582,-8.925,39.11375
62583,-9.07,39.114375
62584,-9.247,39.115
62585,-9.415,39.115625
62586,-9.55,39.11625
62587,-9.542,39.116875
62588,-9.607,39.1175
62589,-9.802,39.118125
62590,-10.447,39.11875
62591,-11.487,39.119375
62592,-12.737,39.12
62593,-14.082,39.120625
62594,-15.29,39.12125
62595,-16.372,39.121875
62596,-17.329,39.1225
62597,-18.57,39.123125
62598,-19.878,39.12375
62599,-21.152,39.124375
62600,-22.102,39.125
62601,-22.574,39.125625
62602,-22.664,39.12625
62603,-22.319,39.126875
62604,-21.595,39.1275
62605,-20.791,39.128125
62606,-20.004,39.12875
62607,-19.771,39.129375
62608,-20.03,39.13
62609,-20.676,39.130625
62610,-21.768,39.13125
62611,-23.007,39.131875
62612,-24.186,39.1325
62613,-25.25,39.133125
62614,-26.017,39.13375
62615,-26.642,39.134375
62616,-27.085,39.135
62617,-27.142,39.135625
62618,-27.014,39.13625
62619,-26.815,39.136875
62620,-26.589,39.1375
62621,-26.337,39.138125
62622,-26.128,39.13875
62623,-25.952,39.139375
62624,-25.722,39.14
62625,-25.366,39.140625
62626,-24.962,39.14125
62627,-24.58,39.141875
62628,-24.03,39.1425
62629,-23.433,39.143125
62630,-22.809,39.14375
62631,-22.092,39.144375
62632,-21.312,39.145
62633,-20.498,39.145625
62634,-19.714,39.14625
62635,-18.765,39.146875
62636,-17.803,39.1475
62637,-16.904,39.148125
62638,-15.976,39.14875
62639,-15.011,39.149375
62640,-14.013,39.15
62641,-12.999,39.150625
62642,-11.985,39.15125
62643,-10.978,39.151875
62644,-9.991,39.1525
62645,-8.978,39.153125
62646,-7.964,39.15375
62647,-6.954,39.154375
62648,-5.96,39.155
62649,-5.018,39.155625
62650,-4.095,39.15625
62651,-3.115,39.156875
62652,-2.268,39.1575
62653,-1.436,39.158125
62654,-0.561,39.15875
62655,0.184,39.159375
62656,0.926,39.16
62657,1.669,39.160625
62658,2.372,39.16125
62659,3.07,39.161875
62660,3.735,39.1625
62661,4.316,39.163125
62662,4.941,39.16375
62663,5.506,39.164375
62664,5.987,39.165
62665,6.501,39.165625
62666,6.992,39.16625
62667,7.443,39.166875
62668,7.78,39.1675
62669,8.155,39.168125
62670,8.531,39.16875
62671,8.889,39.169375
62672,9.101,39.17
62673,9.35,39.170625
62674,9.632,39.17125
62675,9.842,39.171875
62676,10.002,39.1725
62677,10.104,39.173125
62678,10.108,39.17375
62679,10.071,39.174375
62680,9.994,39.175
62681,9.874,39.175625
62682,9.665,39.17625
62683,9.473,39.176875
62684,9.233,39.1775
62685,8.726,39.178125
62686,8.107,39.17875
62687,7.444,39.179375
62688,6.762,39.18
62689,5.807,39.180625
62690,4.824,39.18125
62691,3.832,39.181875
62692,2.825,39.1825
62693,1.862,39.183125
62694,1.001,39.18375
62695,0.362,39.184375
62696,-0.032,39.185
62697,-0.362,39.185625
62698,-0.664,39.18625
62699,-0.85,39.186875
62700,-1.073,39.1875
62701,-1.303,39.188125
62702,-1.462,39.18875
62703,-1.605,39.189375
62704,-1.761,39.19
62705,-1.946,39.190625
62706,-2.025,39.19125
62707,-2.089,39.191875
62708,-2.144,39.1925
62709,-2.178,39.193125
62710,-2.223,39.19375
62711,-2.276,39.194375
62712,-2.333,39.195
62713,-2.405,39.195625
62714,-2.459,39.19625
62715,-2.487,39.196875
62716,-2.592,39.1975
62717,-2.697,39.198125
62718,-2.793,39.19875
62719,-2.854,39.199375
62720,-2.889,39.2
62721,-2.912,39.200625
62722,-2.929,39.20125
62723,-2.968,39.201875
62724,-3.025,39.2025
62725,-3.099,39.203125
62726,-3.208,39.20375
62727,-3.23,39.204375
62728,-3.177,39.205
62729,-3.025,39.205625
62730,-2.931,39.20625
62731,-2.83,39.206875
62732,-2.709,39.2075
62733,-2.624,39.208125
62734,-2.546,39.20875
62735,-2.467,39.209375
62736,-2.369,39.21
62737,-2.15,39.210625
62738,-1.946,39.21125
62739,-1.841,39.211875
62740,-1.588,39.2125
62741,-1.363,39.213125
62742,-1.182,39.21375
62743,-1.077,39.214375
62744,-1.023,39.215
62745,-0.985,39.215625
62746,-0.924,39.21625
62747,-0.897,39.216875
62748,-0.868,39.2175
62749,-0.828,39.218125
62750,-0.794,39.21875
62751,-0.787,39.219375
62752,-0.803,39.22
62753,-0.851,39.220625
62754,-0.867,39.22125
62755,-0.86,39.221875
62756,-0.826,39.2225
62757,-0.792,39.223125
62758,-0.793,39.22375
62759,-0.826,39.224375
62760,-0.853,39.225
62761,-0.821,39.225625
62762,-0.793,39.22625
62763,-0.857,39.226875
62764,-0.924,39.2275
62765,-1.002,39.228125
62766,-1.093,39.22875
62767,-1.16,39.229375
62768,-1.234,39.23
62769,-1.318,39.230625
62770,-1.429,39.23125
62771,-1.479,39.231875
62772,-1.495,39.2325
62773,-1.485,39.233125
62774,-1.532,39.23375
62775,-1.558,39.234375
62776,-1.568,39.235
62777,-1.646,39.235625
62778,-1.65,39.23625
62779,-1.619,39.236875
62780,-1.585,39.2375
62781,-1.637,39.238125
62782,-1.685,39.23875
62783,-1.705,39.239375
62784,-1.715,39.24
62785,-1.697,39.240625
62786,-1.674,39.24125
62787,-1.718,39.241875
62788,-1.713,39.2425
62789,-1.691,39.243125
62790,-1.664,39.24375
62791,-1.674,39.244375
62792,-1.696,39.245
62793,-1.723,39.245625
62794,-1.709,39.24625
62795,-1.675,39.246875
62796,-1.658,39.2475
62797,-1.719,39.248125
62798,-1.703,39.24875
62799,-1.646,39.249375
62800,-1.557,39.25
62801,-1.594,39.250625
62802,-1.581,39.25125
62803,-1.534,39.251875
62804,-1.49,39.2525
62805,-1.451,39.253125
62806,-1.399,39.25375
62807,-1.318,39.254375
62808,-1.306,39.255
62809,-1.277,39.255625
62810,-1.22,39.25625
62811,-1.101,39.256875
62812,-1.109,39.2575
62813,-1.132,39.258125
62814,-1.031,39.25875
62815,-1.015,39.259375
62816,-0.965,39.26
62817,-0.847,39.260625
62818,-0.749,39.26125
62819,-0.683,39.261875
62820,-0.632,39.2625
62821,-0.547,39.263125
62822,-0.465,39.26375
62823,-0.383,39.264375
62824,-0.298,39.265
62825,-0.255,39.265625
62826,-0.197,39.26625
62827,-0.111,39.266875
62828,0.088,39.2675
62829,0.224,39.268125
62830,0.32,39.26875
62831,0.391,39.269375
62832,0.459,39.27
62833,0.55,39.270625
62834,0.671,39.27125
62835,0.708,39.271875
62836,0.811,39.2725
62837,0.947,39.273125
62838,1.025,39.27375
62839,1.123,39.274375
62840,1.218,39.275
62841,1.292,39.275625
62842,1.351,39.27625
62843,1.47,39.276875
62844,1.642,39.2775
62845,1.743,39.278125
62846,1.852,39.27875
62847,1.964,39.279375
62848,2.079,39.28
62849,2.188,39.280625
62850,2.324,39.28125
62851,2.496,39.281875
62852,2.607,39.2825
62853,2.752,39.283125
62854,2.923,39.28375
62855,3.102,39.284375
62856,3.215,39.285
62857,3.332,39.285625
62858,3.497,39.28625
62859,3.6,39.286875
62860,3.727,39.2875
62861,3.885,39.288125
62862,4.06,39.28875
62863,4.211,39.289375
62864,4.37,39.29
62865,4.586,39.290625
62866,4.746,39.29125
62867,4.899,39.291875
62868,5.057,39.2925
62869,5.199,39.293125
62870,5.345,39.29375
62871,5.486,39.294375
62872,5.591,39.295
62873,5.732,39.295625
62874,5.891,39.29625
62875,6.063,39.296875
62876,6.173,39.2975
62877,6.3,39.298125
62878,6.447,39.29875
62879,6.575,39.299375
62880,6.692,39.3
62881,6.805,39.300625
62882,6.92,39.30125
62883,7.077,39.301875
62884,7.211,39.3025
62885,7.303,39.303125
62886,7.374,39.30375
62887,7.47,39.304375
62888,7.584,39.305
62889,7.692,39.305625
62890,7.742,39.30625
62891,7.778,39.306875
62892,7.825,39.3075
62893,7.919,39.308125
62894,7.968,39.30875
62895,7.968,39.309375
62896,7.972,39.31
62897,7.993,39.310625
62898,8.028,39.31125
62899,8.075,39.311875
62900,8.043,39.3125
62901,8.033,39.313125
62902,8.073,39.31375
62903,8.05,39.314375
62904,8.048,39.315
62905,8.043,39.315625
62906,7.952,39.31625
62907,7.927,39.316875
62908,7.911,39.3175
62909,7.871,39.318125
62910,7.855,39.31875
62911,7.831,39.319375
62912,7.803,39.32
62913,7.833,39.320625
62914,7.798,39.32125
62915,7.743,39.321875
62916,7.726,39.3225
62917,7.681,39.323125
62918,7.663,39.32375
62919,7.69,39.324375
62920,7.677,39.325
62921,7.665,39.325625
62922,7.659,39.32625
62923,7.672,39.326875
62924,7.612,39.3275
62925,7.555,39.328125
62926,7.552,39.32875
62927,7.551,39.329375
62928,7.555,39.33
62929,7.566,39.330625
62930,7.631,39.33125
62931,7.627,39.331875
62932,7.609,39.3325
62933,7.65,39.333125
62934,7.674,39.33375
62935,7.697,39.334375
62936,7.724,39.335
62937,7.754,39.335625
62938,7.696,39.33625
62939,7.621,39.336875
62940,7.776,39.3375
62941,7.797,39.338125
62942,7.778,39.33875
62943,7.768,39.339375
62944,7.779,39.34
62945,7.781,39.340625
62946,7.768,39.34125
62947,7.724,39.341875
62948,7.721,39.3425
62949,7.744,39.343125
62950,7.788,39.34375
62951,7.767,39.344375
62952,7.774,39.345
62953,7.839,39.345625
62954,7.805,39.34625
62955,7.826,39.346875
62956,7.876,39.3475
62957,7.869,39.348125
62958,7.885,39.34875
62959,7.9,39.349375
62960,7.896,39.35
62961,7.933,39.350625
62962,7.945,39.35125
62963,7.932,39.351875
62964,7.966,39.3525
62965,8.005,39.353125
62966,8.038,39.35375
62967,8.052,39.354375
62968,8.091,39.355
62969,8.145,39.355625
62970,8.212,39.35625
62971,8.283,39.356875
62972,8.301,39.3575
62973,8.296,39.358125
62974,8.371,39.35875
62975,8.407,39.359375
62976,8.431,39.36
62977,8.454,39.360625
62978,8.512,39.36125
62979,8.564,39.361875
62980,8.606,39.3625
62981,8.627,39.363125
62982,8.672,39.36375
62983,8.716,39.364375
62984,8.719,39.365
62985,8.787,39.365625
62986,8.85,39.36625
62987,8.887,39.366875
62988,8.874,39.3675
62989,8.919,39.368125
62990,9.003,39.36875
62991,9.068,39.369375
62992,9.101,39.37
62993,9.154,39.370625
62994,9.266,39.37125
62995,9.34,39.371875
62996,9.35,39.3725
62997,9.309,39.373125
62998,9.373,39.37375
62999,9.453,39.374375
63000,9.527,39.375
63001,9.557,39.375625
63002,9.579,39.37625
63003,9.586,39.376875
63004,9.572,39.3775
63005,9.677,39.378125
63006,9.744,39.37875
63007,9.781,39.379375
63008,9.798,39.38
63009,9.815,39.380625
63010,9.821,39.38125
63011,9.808,39.381875
63012,9.841,39.3825
63013,9.888,39.383125
63014,9.946,39.38375
63015,10.007,39.384375
63016,9.971,39.385
63017,9.914,39.385625
63018,9.941,39.38625
63019,9.954,39.386875
63020,9.951,39.3875
63021,9.931,39.388125
63022,9.891,39.38875
63023,9.88,39.389375
63024,9.88,39.39
63025,9.829,39.390625
63026,9.824,39.39125
63027,9.825,39.391875
63028,9.808,39.3925
63029,9.791,39.393125
63030,9.764,39.39375
63031,9.725,39.394375
63032,9.661,39.395
63033,9.646,39.395625
63034,9.634,39.39625
63035,9.556,39.396875
63036,9.518,39.3975
63037,9.469,39.398125
63038,9.395,39.39875
63039,9.388,39.399375
63040,9.368,39.4
63041,9.339,39.400625
63042,9.322,39.40125
63043,9.301,39.401875
63044,9.268,39.4025
63045,9.217,39.403125
63046,9.176,39.40375
63047,9.16,39.404375
63048,9.166,39.405
63049,9.115,39.405625
63050,9.111,39.40625
63051,9.117,39.406875
63052,9.08,39.4075
63053,9.082,39.408125
63054,9.09,39.40875
63055,9.093,39.409375
63056,9.14,39.41
63057,9.17,39.410625
63058,9.172,39.41125
63059,9.101,39.411875
63060,9.114,39.4125
63061,9.122,39.413125
63062,9.065,39.41375
63063,9.06,39.414375
63064,9.066,39.415
63065,9.079,39.415625
63066,9.082,39.41625
63067,9.072,39.416875
63068,9.056,39.4175
63069,9.043,39.418125
63070,9.083,39.41875
63071,9.108,39.419375
63072,9.098,39.42
63073,9.091,39.420625
63074,9.031,39.42125
63075,8.948,39.421875
63076,8.938,39.4225
63077,8.971,39.423125
63078,9.022,39.42375
63079,9.083,39.424375
63080,9.119,39.425
63081,9.168,39.425625
63082,9.229,39.42625
63083,9.256,39.426875
63084,9.279,39.4275
63085,9.269,39.428125
63086,9.168,39.42875
63087,9.165,39.429375
63088,9.228,39.43
63089,9.356,39.430625
63090,9.448,39.43125
63091,9.5,39.431875
63092,9.525,39.4325
63093,9.559,39.433125
63094,9.585,39.43375
63095,9.63,39.434375
63096,9.718,39.435
63097,9.725,39.435625
63098,9.745,39.43625
63099,9.788,39.436875
63100,9.852,39.4375
63101,9.934,39.438125
63102,10.022,39.43875
63103,10.1,39.439375
63104,10.22,39.44
63105,10.312,39.440625
63106,10.352,39.44125
63107,10.474,39.441875
63108,10.574,39.4425
63109,10.661,39.443125
63110,10.763,39.44375
63111,10.856,39.444375
63112,10.953,39.445
63113,11.061,39.445625
63114,11.108,39.44625
63115,11.194,39.446875
63116,11.322,39.4475
63117,11.414,39.448125
63118,11.498,39.44875
63119,11.566,39.449375
63120,11.593,39.45
63121,11.684,39.450625
63122,11.774,39.45125
63123,11.842,39.451875
63124,11.997,39.4525
63125,12.017,39.453125
63126,11.955,39.45375
63127,11.975,39.454375
63128,12.046,39.455
63129,12.098,39.455625
63130,12.078,39.45625
63131,12.079,39.456875
63132,12.088,39.4575
63133,12.104,39.458125
63134,12.151,39.45875
63135,12.136,39.459375
63136,12.107,39.46
63137,12.134,39.460625
63138,12.085,39.46125
63139,12.022,39.461875
63140,11.962,39.4625
63141,11.955,39.463125
63142,11.95,39.46375
63143,11.952,39.464375
63144,11.982,39.465
63145,11.978,39.465625
63146,11.945,39.46625
63147,11.881,39.466875
63148,11.814,39.4675
63149,11.771,39.468125
63150,11.747,39.46875
63151,11.646,39.469375
63152,11.645,39.47
63153,11.671,39.470625
63154,11.621,39.47125
63155,11.505,39.471875
63156,11.403,39.4725
63157,11.339,39.473125
63158,11.332,39.47375
63159,11.314,39.474375
63160,11.3,39.475
63161,11.354,39.475625
63162,11.38,39.47625
63163,11.383,39.476875
63164,11.356,39.4775
63165,11.347,39.478125
63166,11.221,39.47875
63167,11.012,39.479375
63168,11.242,39.48
63169,11.271,39.480625
63170,11.211,39.48125
63171,11.198,39.481875
63172,11.139,39.4825
63173,11.101,39.483125
63174,11.104,39.48375
63175,11.064,39.484375
63176,11.027,39.485
63177,11.001,39.485625
63178,11.015,39.48625
63179,10.912,39.486875
63180,10.874,39.4875
63181,11.046,39.488125
63182,11.064,39.48875
63183,10.945,39.489375
63184,10.726,39.49
63185,10.787,39.490625
63186,10.783,39.49125
63187,10.717,39.491875
63188,10.561,39.4925
63189,10.462,39.493125
63190,10.417,39.49375
63191,10.434,39.494375
63192,10.383,39.495
63193,10.329,39.495625
63194,10.275,39.49625
63195,10.238,39.496875
63196,10.215,39.4975
63197,10.182,39.498125
63198,10.114,39.49875
63199,10.022,39.499375
63200,9.921,39.5
63201,9.817,39.500625
63202,9.77,39.50125
63203,9.747,39.501875
63204,9.718,39.5025
63205,9.63,39.503125
63206,9.587,39.50375
63207,9.566,39.504375
63208,9.562,39.505
63209,9.499,39.505625
63210,9.436,39.50625
63211,9.372,39.506875
63212,9.287,39.5075
63213,9.245,39.508125
63214,9.202,39.50875
63215,9.124,39.509375
63216,9.077,39.51
63217,9.028,39.510625
63218,8.975,39.51125
63219,8.938,39.511875
63220,8.843,39.5125
63221,8.751,39.513125
63222,8.761,39.51375
63223,8.785,39.514375
63224,8.755,39.515
63225,8.644,39.515625
63226,8.562,39.51625
63227,8.507,39.516875
63228,8.46,39.5175
63229,8.362,39.518125
63230,8.332,39.51875
63231,8.32,39.519375
63232,8.3,39.52
63233,8.24,39.520625
63234,8.174,39.52125
63235,8.106,39.521875
63236,8.039,39.5225
63237,8.002,39.523125
63238,7.976,39.52375
63239,7.928,39.524375
63240,7.931,39.525
63241,7.911,39.525625
63242,7.844,39.52625
63243,7.756,39.526875
63244,7.699,39.5275
63245,7.665,39.528125
63246,7.624,39.52875
63247,7.626,39.529375
63248,7.608,39.53
63249,7.516,39.530625
63250,7.49,39.53125
63251,7.454,39.531875
63252,7.409,39.5325
63253,7.429,39.533125
63254,7.401,39.53375
63255,7.365,39.534375
63256,7.385,39.535
63257,7.383,39.535625
63258,7.357,39.53625
63259,7.303,39.536875
63260,7.336,39.5375
63261,7.411,39.538125
63262,7.492,39.53875
63263,7.448,39.539375
63264,7.426,39.54
63265,7.407,39.540625
63266,7.377,39.54125
63267,7.322,39.541875
63268,7.319,39.5425
63269,7.367,39.543125
63270,7.333,39.54375
63271,7.344,39.544375
63272,7.368,39.545
63273,7.361,39.545625
63274,7.382,39.54625
63275,7.412,39.546875
63276,7.446,39.5475
63277,7.406,39.548125
63278,7.371,39.54875
63279,7.357,39.549375
63280,7.432,39.55
63281,7.431,39.550625
63282,7.427,39.55125
63283,7.471,39.551875
63284,7.438,39.5525
63285,7.451,39.553125
63286,7.513,39.55375
63287,7.509,39.554375
63288,7.515,39.555
63289,7.536,39.555625
63290,7.59,39.55625
63291,7.591,39.556875
63292,7.579,39.5575
63293,7.566,39.558125
63294,7.576,39.55875
63295,7.629,39.559375
63296,7.697,39.56
63297,7.68,39.560625
63298,7.691,39.56125
63299,7.694,39.561875
63300,7.66,39.5625
63301,7.697,39.563125
63302,7.702,39.56375
63303,7.674,39.564375
63304,7.715,39.565
63305,7.775,39.565625
63306,7.831,39.56625
63307,7.842,39.566875
63308,7.802,39.5675
63309,7.765,39.568125
63310,7.748,39.56875
63311,7.858,39.569375
63312,7.882,39.57
63313,7.851,39.570625
63314,7.868,39.57125
63315,7.902,39.571875
63316,7.942,39.5725
63317,7.979,39.573125
63318,7.964,39.57375
63319,7.954,39.574375
63320,7.954,39.575
63321,7.964,39.575625
63322,7.946,39.57625
63323,7.927,39.576875
63324,7.954,39.5775
63325,7.936,39.578125
63326,7.924,39.57875
63327,7.934,39.579375
63328,7.914,39.58
63329,7.886,39.580625
63330,7.849,39.58125
63331,7.795,39.581875
63332,7.846,39.5825
63333,7.924,39.583125
63334,7.982,39.58375
63335,7.92,39.584375
63336,7.882,39.585
63337,7.882,39.585625
63338,7.885,39.58625
63339,7.864,39.586875
63340,7.846,39.5875
63341,7.876,39.588125
63342,7.865,39.58875
63343,7.87,39.589375
63344,7.91,39.59
63345,7.924,39.590625
63346,7.926,39.59125
63347,7.916,39.591875
63348,7.893,39.5925
63349,7.904,39.593125
63350,7.907,39.59375
63351,7.866,39.594375
63352,7.878,39.595
63353,7.893,39.595625
63354,7.901,39.59625
63355,7.84,39.596875
63356,7.837,39.5975
63357,7.849,39.598125
63358,7.812,39.59875
63359,7.8,39.599375
63360,7.796,39.6
63361,7.796,39.600625
63362,7.802,39.60125
63363,7.759,39.601875
63364,7.702,39.6025
63365,7.776,39.603125
63366,7.781,39.60375
63367,7.772,39.604375
63368,7.789,39.605
63369,7.754,39.605625
63370,7.722,39.60625
63371,7.7,39.606875
63372,7.696,39.6075
63373,7.653,39.608125
63374,7.595,39.60875
63375,7.558,39.609375
63376,7.521,39.61
63377,7.482,39.610625
63378,7.442,39.61125
63379,7.431,39.611875
63380,7.404,39.6125
63381,7.383,39.613125
63382,7.467,39.61375
63383,7.404,39.614375
63384,7.316,39.615
63385,7.286,39.615625
63386,7.256,39.61625
63387,7.205,39.616875
63388,7.14,39.6175
63389,7.15,39.618125
63390,7.114,39.61875
63391,7.064,39.619375
63392,7.051,39.62
63393,7.004,39.620625
63394,6.988,39.62125
63395,7.029,39.621875
63396,6.942,39.6225
63397,6.876,39.623125
63398,6.836,39.62375
63399,6.857,39.624375
63400,6.782,39.625
63401,6.699,39.625625
63402,6.668,39.62625
63403,6.647,39.626875
63404,6.633,39.6275
63405,6.625,39.628125
63406,6.595,39.62875
63407,6.515,39.629375
63408,6.426,39.63
63409,6.385,39.630625
63410,6.403,39.63125
63411,6.392,39.631875
63412,6.321,39.6325
63413,6.244,39.633125
63414,6.172,39.63375
63415,6.109,39.634375
63416,6.072,39.635
63417,6.05,39.635625
63418,6.023,39.63625
63419,5.976,39.636875
63420,5.904,39.6375
63421,5.843,39.638125
63422,5.797,39.63875
63423,5.766,39.639375
63424,5.716,39.64
63425,5.662,39.640625
63426,5.632,39.64125
63427,5.521,39.641875
63428,5.438,39.6425
63429,5.421,39.643125
63430,5.377,39.64375
63431,5.331,39.644375
63432,5.284,39.645
63433,5.24,39.645625
63434,5.179,39.64625
63435,5.118,39.646875
63436,5.071,39.6475
63437,5.029,39.648125
63438,5.004,39.64875
63439,4.989,39.649375
63440,4.911,39.65
63441,4.858,39.650625
63442,4.807,39.65125
63443,4.726,39.651875
63444,4.706,39.6525
63445,4.682,39.653125
63446,4.631,39.65375
63447,4.58,39.654375
63448,4.533,39.655
63449,4.491,39.655625
63450,4.457,39.65625
63451,4.413,39.656875
63452,4.388,39.6575
63453,4.408,39.658125
63454,4.331,39.65875
63455,4.282,39.659375
63456,4.269,39.66
63457,4.164,39.660625
63458,4.141,39.66125
63459,4.141,39.661875
63460,4.077,39.6625
63461,4.032,39.663125
63462,4.0,39.66375
63463,3.979,39.664375
63464,3.936,39.665
63465,3.892,39.665625
63466,3.842,39.66625
63467,3.761,39.666875
63468,3.715,39.6675
63469,3.696,39.668125
63470,3.71,39.66875
63471,3.641,39.669375
63472,3.601,39.67
63473,3.597,39.670625
63474,3.539,39.67125
63475,3.506,39.671875
63476,3.488,39.6725
63477,3.478,39.673125
63478,3.499,39.67375
63479,3.489,39.674375
63480,3.424,39.675
63481,3.357,39.675625
63482,3.39,39.67625
63483,3.473,39.676875
63484,3.419,39.6775
63485,3.405,39.678125
63486,3.4,39.67875
63487,3.387,39.679375
63488,3.425,39.68
63489,3.441,39.680625
63490,3.434,39.68125
63491,3.505,39.681875
63492,3.467,39.6825
63493,3.413,39.683125
63494,3.487,39.68375
63495,3.5,39.684375
63496,3.503,39.685
63497,3.51,39.685625
63498,3.473,39.68625
63499,3.453,39.686875
63500,3.46,39.6875
63501,3.537,39.688125
63502,3.565,39.68875
63503,3.575,39.689375
63504,3.586,39.69
63505,3.59,39.690625
63506,3.593,39.69125
63507,3.597,39.691875
63508,3.611,39.6925
63509,3.613,39.693125
63510,3.604,39.69375
63511,3.577,39.694375
63512,3.583,39.695
63513,3.599,39.695625
63514,3.62,39.69625
63515,3.623,39.696875
63516,3.625,39.6975
63517,3.615,39.698125
63518,3.555,39.69875
63519,3.576,39.699375
63520,3.601,39.7
63521,3.57,39.700625
63522,3.595,39.70125
63523,3.569,39.701875
63524,3.491,39.7025
63525,3.498,39.703125
63526,3.5,39.70375
63527,3.493,39.704375
63528,3.463,39.705
63529,3.438,39.705625
63530,3.426,39.70625
63531,3.433,39.706875
63532,3.437,39.7075
63533,3.415,39.708125
63534,3.384,39.70875
63535,3.404,39.709375
63536,3.392,39.71
63537,3.389,39.710625
63538,3.429,39.71125
63539,3.427,39.711875
63540,3.437,39.7125
63541,3.459,39.713125
63542,3.419,39.71375
63543,3.422,39.714375
63544,3.45,39.715
63545,3.48,39.715625
63546,3.475,39.71625
63547,3.499,39.716875
63548,3.581,39.7175
63549,3.578,39.718125
63550,3.596,39.71875
63551,3.624,39.719375
63552,3.617,39.72
63553,3.62,39.720625
63554,3.617,39.72125
63555,3.594,39.721875
63556,3.564,39.7225
63557,3.594,39.723125
63558,3.681,39.72375
63559,3.657,39.724375
63560,3.649,39.725
63561,3.654,39.725625
63562,3.674,39.72625
63563,3.664,39.726875
63564,3.667,39.7275
63565,3.701,39.728125
63566,3.585,39.72875
63567,3.595,39.729375
63568,3.687,39.73
63569,3.683,39.730625
63570,3.635,39.73125
63571,3.573,39.731875
63572,3.516,39.7325
63573,3.528,39.733125
63574,3.548,39.73375
63575,3.567,39.734375
63576,3.56,39.735
63577,3.531,39.735625
63578,3.511,39.73625
63579,3.555,39.736875
63580,3.543,39.7375
63581,3.534,39.738125
63582,3.548,39.73875
63583,3.512,39.739375
63584,3.509,39.74
63585,3.528,39.740625
63586,3.517,39.74125
63587,3.465,39.741875
63588,3.423,39.7425
63589,3.437,39.743125
63590,3.444,39.74375
63591,3.461,39.744375
63592,3.486,39.745
63593,3.486,39.745625
63594,3.46,39.74625
63595,3.452,39.746875
63596,3.55,39.7475
63597,3.537,39.748125
63598,3.549,39.74875
63599,3.633,39.749375
63600,3.598,39.75
63601,3.591,39.750625
63602,3.605,39.75125
63603,3.602,39.751875
63604,3.613,39.7525
63605,3.645,39.753125
63606,3.709,39.75375
63607,3.704,39.754375
63608,3.697,39.755
63609,3.699,39.755625
63610,3.74,39.75625
63611,3.75,39.756875
63612,3.76,39.7575
63613,3.828,39.758125
63614,3.843,39.75875
63615,3.848,39.759375
63616,3.855,39.76
63617,3.871,39.760625
63618,3.863,39.76125
63619,3.84,39.761875
63620,3.84,39.7625
63621,3.873,39.763125
63622,3.914,39.76375
63623,3.952,39.764375
63624,3.919,39.765
63625,3.901,39.765625
63626,3.904,39.76625
63627,3.85,39.766875
63628,3.881,39.7675
63629,3.948,39.768125
63630,3.978,39.76875
63631,3.951,39.769375
63632,3.944,39.77
63633,3.988,39.770625
63634,3.962,39.77125
63635,3.991,39.771875
63636,4.056,39.7725
63637,4.09,39.773125
63638,4.129,39.77375
63639,4.154,39.774375
63640,4.147,39.775
63641,4.208,39.775625
63642,4.254,39.77625
63643,4.278,39.776875
63644,4.312,39.7775
63645,4.346,39.778125
63646,4.394,39.77875
63647,4.489,39.779375
63648,4.591,39.78
63649,4.635,39.780625
63650,4.588,39.78125
63651,4.634,39.781875
63652,4.652,39.7825
63653,4.653,39.783125
63654,4.677,39.78375
63655,4.723,39.784375
63656,4.77,39.785
63657,4.804,39.785625
63658,4.847,39.78625
63659,4.847,39.786875
63660,4.807,39.7875
63661,4.878,39.788125
63662,4.884,39.78875
63663,4.861,39.789375
63664,4.864,39.79
63665,4.884,39.790625
63666,4.9,39.79125
63667,4.903,39.791875
63668,4.933,39.7925
63669,4.941,39.793125
63670,4.939,39.79375
63671,4.986,39.794375
63672,5.014,39.795
63673,5.018,39.795625
63674,4.988,39.79625
63675,5.021,39.796875
63676,5.039,39.7975
63677,5.033,39.798125
63678,5.04,39.79875
63679,5.062,39.799375
63680,5.088,39.8
63681,5.102,39.800625
63682,5.104,39.80125
63683,5.108,39.801875
63684,5.119,39.8025
63685,5.132,39.803125
63686,5.163,39.80375
63687,5.198,39.804375
63688,5.181,39.805
63689,5.176,39.805625
63690,5.203,39.80625
63691,5.287,39.806875
63692,5.272,39.8075
63693,5.308,39.808125
63694,5.406,39.80875
63695,5.41,39.809375
63696,5.409,39.81
63697,5.424,39.810625
63698,5.502,39.81125
63699,5.513,39.811875
63700,5.54,39.8125
63701,5.611,39.813125
63702,5.655,39.81375
63703,5.684,39.814375
63704,5.704,39.815
63705,5.741,39.815625
63706,5.81,39.81625
63707,5.874,39.816875
63708,5.901,39.8175
63709,5.928,39.818125
63710,5.991,39.81875
63711,6.087,39.819375
63712,6.108,39.82
63713,6.194,39.820625
63714,6.293,39.82125
63715,6.316,39.821875
63716,6.412,39.8225
63717,6.483,39.823125
63718,6.493,39.82375
63719,6.603,39.824375
63720,6.718,39.825
63721,6.833,39.825625
63722,6.931,39.82625
63723,6.975,39.826875
63724,7.033,39.8275
63725,7.164,39.828125
63726,7.214,39.82875
63727,7.261,39.829375
63728,7.317,39.83
63729,7.402,39.830625
63730,7.495,39.83125
63731,7.579,39.831875
63732,7.616,39.8325
63733,7.697,39.833125
63734,7.765,39.83375
63735,7.795,39.834375
63736,7.915,39.835
63737,7.997,39.835625
63738,8.048,39.83625
63739,8.106,39.836875
63740,8.208,39.8375
63741,8.312,39.838125
63742,8.386,39.83875
63743,8.421,39.839375
63744,8.471,39.84
63745,8.549,39.840625
63746,8.732,39.84125
63747,8.803,39.841875
63748,8.83,39.8425
63749,8.915,39.843125
63750,8.988,39.84375
63751,9.055,39.844375
63752,9.116,39.845
63753,9.21,39.845625
63754,9.282,39.84625
63755,9.343,39.846875
63756,9.444,39.8475
63757,9.476,39.848125
63758,9.512,39.84875
63759,9.61,39.849375
63760,9.674,39.85
63761,9.739,39.850625
63762,9.807,39.85125
63763,9.885,39.851875
63764,9.919,39.8525
63765,9.931,39.853125
63766,9.951,39.85375
63767,9.988,39.854375
63768,10.007,39.855
63769,9.994,39.855625
63770,9.97,39.85625
63771,9.998,39.856875
63772,10.053,39.8575
63773,10.032,39.858125
63774,10.086,39.85875
63775,10.133,39.859375
63776,10.106,39.86
63777,10.104,39.860625
63778,10.097,39.86125
63779,10.088,39.861875
63780,10.149,39.8625
63781,10.186,39.863125
63782,10.194,39.86375
63783,10.15,39.864375
63784,10.183,39.865
63785,10.238,39.865625
63786,10.299,39.86625
63787,10.383,39.866875
63788,10.425,39.8675
63789,10.44,39.868125
63790,10.484,39.86875
63791,10.489,39.869375
63792,10.492,39.87
63793,10.526,39.870625
63794,10.605,39.87125
63795,10.687,39.871875
63796,10.759,39.8725
63797,10.745,39.873125
63798,10.832,39.87375
63799,10.926,39.874375
63800,10.858,39.875
63801,10.986,39.875625
63802,11.083,39.87625
63803,11.066,39.876875
63804,11.116,39.8775
63805,11.166,39.878125
63806,11.223,39.87875
63807,11.314,39.879375
63808,11.371,39.88
63809,11.427,39.880625
63810,11.508,39.88125
63811,11.589,39.881875
63812,11.659,39.8825
63813,11.717,39.883125
63814,11.788,39.88375
63815,11.824,39.884375
63816,11.862,39.885
63817,11.97,39.885625
63818,12.064,39.88625
63819,12.16,39.886875
63820,12.261,39.8875
63821,12.399,39.888125
63822,12.516,39.88875
63823,12.626,39.889375
63824,12.781,39.89
63825,12.853,39.890625
63826,12.91,39.89125
63827,13.005,39.891875
63828,13.072,39.8925
63829,13.14,39.893125
63830,13.213,39.89375
63831,13.314,39.894375
63832,13.431,39.895
63833,13.526,39.895625
63834,13.523,39.89625
63835,13.635,39.896875
63836,13.748,39.8975
63837,13.823,39.898125
63838,13.874,39.89875
63839,13.928,39.899375
63840,13.995,39.9
63841,14.117,39.900625
63842,14.177,39.90125
63843,14.228,39.901875
63844,14.309,39.9025
63845,14.369,39.903125
63846,14.404,39.90375
63847,14.416,39.904375
63848,14.46,39.905
63849,14.504,39.905625
63850,14.558,39.90625
63851,14.65,39.906875
63852,14.689,39.9075
63853,14.732,39.908125
63854,14.799,39.90875
63855,14.87,39.909375
63856,14.936,39.91
63857,14.991,39.910625
63858,15.011,39.91125
63859,15.076,39.911875
63860,15.14,39.9125
63861,15.167,39.913125
63862,15.263,39.91375
63863,15.35,39.914375
63864,15.418,39.915
63865,15.493,39.915625
63866,15.567,39.91625
63867,15.632,39.916875
63868,15.666,39.9175
63869,15.716,39.918125
63870,15.77,39.91875
63871,15.824,39.919375
63872,15.869,39.92
63873,15.894,39.920625
63874,15.909,39.92125
63875,15.956,39.921875
63876,15.996,39.9225
63877,16.015,39.923125
63878,15.991,39.92375
63879,16.064,39.924375
63880,16.128,39.925
63881,16.164,39.925625
63882,16.13,39.92625
63883,16.144,39.926875
63884,16.172,39.9275
63885,16.159,39.928125
63886,16.134,39.92875
63887,16.127,39.929375
63888,16.151,39.93
63889,16.145,39.930625
63890,16.128,39.93125
63891,16.099,39.931875
63892,16.039,39.9325
63893,16.034,39.933125
63894,16.04,39.93375
63895,16.019,39.934375
63896,15.969,39.935
63897,15.92,39.935625
63898,15.88,39.93625
63899,15.9,39.936875
63900,15.916,39.9375
63901,15.907,39.938125
63902,15.823,39.93875
63903,15.79,39.939375
63904,15.783,39.94
63905,15.797,39.940625
63906,15.754,39.94125
63907,15.748,39.941875
63908,15.772,39.9425
63909,15.795,39.943125
63910,15.802,39.94375
63911,15.806,39.944375
63912,15.819,39.945
63913,15.797,39.945625
63914,15.771,39.94625
63915,15.751,39.946875
63916,15.792,39.9475
63917,15.774,39.948125
63918,15.732,39.94875
63919,15.722,39.949375
63920,15.627,39.95
63921,15.554,39.950625
63922,15.543,39.95125
63923,15.523,39.951875
63924,15.46,39.9525
63925,15.365,39.953125
63926,15.291,39.95375
63927,15.204,39.954375
63928,15.124,39.955
63929,15.07,39.955625
63930,15.019,39.95625
63931,14.931,39.956875
63932,14.807,39.9575
63933,14.746,39.958125
63934,14.685,39.95875
63935,14.627,39.959375
63936,14.58,39.96
63937,14.538,39.960625
63938,14.466,39.96125
63939,14.344,39.961875
63940,14.315,39.9625
63941,14.282,39.963125
63942,14.236,39.96375
63943,14.138,39.964375
63944,14.097,39.965
63945,14.087,39.965625
63946,14.1,39.96625
63947,14.093,39.966875
63948,14.07,39.9675
63949,14.03,39.968125
63950,13.952,39.96875
63951,13.953,39.969375
63952,13.976,39.97
63953,13.929,39.970625
63954,13.871,39.97125
63955,13.824,39.971875
63956,13.801,39.9725
63957,13.784,39.973125
63958,13.74,39.97375
63959,13.678,39.974375
63960,13.623,39.975
63961,13.643,39.975625
63962,13.667,39.97625
63963,13.64,39.976875
63964,13.598,39.9775
63965,13.559,39.978125
63966,13.526,39.97875
63967,13.513,39.979375
63968,13.51,39.98
63969,13.504,39.980625
63970,13.467,39.98125
63971,13.457,39.981875
63972,13.479,39.9825
63973,13.54,39.983125
63974,13.519,39.98375
63975,13.467,39.984375
63976,13.405,39.985
63977,13.418,39.985625
63978,13.415,39.98625
63979,13.421,39.986875
63980,13.465,39.9875
63981,13.37,39.988125
63982,13.326,39.98875
63983,13.355,39.989375
63984,13.362,39.99
63985,13.349,39.990625
63986,13.332,39.99125
63987,13.335,39.991875
63988,13.325,39.9925
63989,13.287,39.993125
63990,13.213,39.99375
63991,13.221,39.994375
63992,13.195,39.995
63993,13.146,39.995625
63994,13.126,39.99625
63995,13.079,39.996875
63996,13.028,39.9975
63997,12.995,39.998125
63998,12.955,39.99875
63999,12.9,39.999375
64000,12.832,40.0
64001,12.815,40.000625
64002,12.744,40.00125
64003,12.662,40.001875
64004,12.645,40.0025
64005,12.6,40.003125
64006,12.521,40.00375
64007,12.396,40.004375
64008,12.359,40.005
64009,12.322,40.005625
64010,12.273,40.00625
64011,12.175,40.006875
64012,12.097,40.0075
64013,12.048,40.008125
64014,12.048,40.00875
64015,11.918,40.009375
64016,11.858,40.01
64017,11.884,40.010625
64018,11.786,40.01125
64019,11.703,40.011875
64020,11.622,40.0125
64021,11.517,40.013125
64022,11.467,40.01375
64023,11.387,40.014375
64024,11.242,40.015
64025,11.156,40.015625
64026,11.094,40.01625
64027,11.036,40.016875
64028,10.891,40.0175
64029,10.745,40.018125
64030,10.612,40.01875
64031,10.508,40.019375
64032,10.382,40.02
64033,10.257,40.020625
64034,10.136,40.02125
64035,10.031,40.021875
64036,9.944,40.0225
64037,9.855,40.023125
64038,9.73,40.02375
64039,9.608,40.024375
64040,9.486,40.025
64041,9.365,40.025625
64042,9.272,40.02625
64043,9.196,40.026875
64044,9.122,40.0275
64045,8.987,40.028125
64046,8.869,40.02875
64047,8.782,40.029375
64048,8.752,40.03
64049,8.646,40.030625
64050,8.563,40.03125
64051,8.516,40.031875
64052,8.461,40.0325
64053,8.394,40.033125
64054,8.343,40.03375
64055,8.374,40.034375
64056,8.295,40.035
64057,8.225,40.035625
64058,8.208,40.03625
64059,8.207,40.036875
64060,8.177,40.0375
64061,8.126,40.038125
64062,8.092,40.03875
64063,8.075,40.039375
64064,8.067,40.04
64065,8.064,40.040625
64066,8.007,40.04125
64067,7.96,40.041875
64068,7.94,40.0425
64069,8.034,40.043125
64070,8.053,40.04375
64071,8.025,40.044375
64072,7.981,40.045
64073,8.019,40.045625
64074,8.061,40.04625
64075,8.078,40.046875
64076,8.088,40.0475
64077,8.102,40.048125
64078,8.116,40.04875
64079,8.112,40.049375
64080,8.121,40.05
64081,8.13,40.050625
64082,8.126,40.05125
64083,8.204,40.051875
64084,8.212,40.0525
64085,8.136,40.053125
64086,8.153,40.05375
64087,8.153,40.054375
64088,8.16,40.055
64089,8.228,40.055625
64090,8.254,40.05625
64091,8.246,40.056875
64092,8.199,40.0575
64093,8.181,40.058125
64094,8.191,40.05875
64095,8.228,40.059375
64096,8.305,40.06
64097,8.344,40.060625
64098,8.349,40.06125
64099,8.312,40.061875
64100,8.314,40.0625
64101,8.319,40.063125
64102,8.322,40.06375
64103,8.315,40.064375
64104,8.341,40.065
64105,8.381,40.065625
64106,8.408,40.06625
64107,8.367,40.066875
64108,8.359,40.0675
64109,8.43,40.068125
64110,8.452,40.06875
64111,8.439,40.069375
64112,8.41,40.07
64113,8.454,40.070625
64114,8.478,40.07125
64115,8.48,40.071875
64116,8.446,40.0725
64117,8.466,40.073125
64118,8.509,40.07375
64119,8.564,40.074375
64120,8.527,40.075
64121,8.542,40.075625
64122,8.581,40.07625
64123,8.605,40.076875
64124,8.618,40.0775
64125,8.599,40.078125
64126,8.535,40.07875
64127,8.523,40.079375
64128,8.537,40.08
64129,8.557,40.080625
64130,8.49,40.08125
64131,8.507,40.081875
64132,8.557,40.0825
64133,8.604,40.083125
64134,8.532,40.08375
64135,8.477,40.084375
64136,8.46,40.085
64137,8.436,40.085625
64138,8.477,40.08625
64139,8.526,40.086875
64140,8.472,40.0875
64141,8.388,40.088125
64142,8.333,40.08875
64143,8.337,40.089375
64144,8.294,40.09
64145,8.276,40.090625
64146,8.279,40.09125
64147,8.275,40.091875
64148,8.216,40.0925
64149,8.171,40.093125
64150,8.208,40.09375
64151,8.128,40.094375
64152,8.067,40.095
64153,8.047,40.095625
64154,8.094,40.09625
64155,8.051,40.096875
64156,7.966,40.0975
64157,7.911,40.098125
64158,7.852,40.09875
64159,7.828,40.099375
64160,7.862,40.1
64161,7.833,40.100625
64162,7.771,40.10125
64163,7.694,40.101875
64164,7.687,40.1025
64165,7.673,40.103125
64166,7.644,40.10375
64167,7.587,40.104375
64168,7.562,40.105
64169,7.531,40.105625
64170,7.487,40.10625
64171,7.45,40.106875
64172,7.439,40.1075
64173,7.441,40.108125
64174,7.441,40.10875
64175,7.428,40.109375
64176,7.403,40.11
64177,7.366,40.110625
64178,7.335,40.11125
64179,7.31,40.111875
64180,7.299,40.1125
64181,7.343,40.113125
64182,7.304,40.11375
64183,7.277,40.114375
64184,7.351,40.115
64185,7.36,40.115625
64186,7.36,40.11625
64187,7.361,40.116875
64188,7.378,40.1175
64189,7.384,40.118125
64190,7.387,40.11875
64191,7.4,40.119375
64192,7.414,40.12
64193,7.412,40.120625
64194,7.385,40.12125
64195,7.436,40.121875
64196,7.479,40.1225
64197,7.502,40.123125
64198,7.458,40.12375
64199,7.431,40.124375
64200,7.403,40.125
64201,7.356,40.125625
64202,7.383,40.12625
64203,7.385,40.126875
64204,7.346,40.1275
64205,7.268,40.128125
64206,7.257,40.12875
64207,7.288,40.129375
64208,7.332,40.13
64209,7.335,40.130625
64210,7.33,40.13125
64211,7.326,40.131875
64212,7.339,40.1325
64213,7.334,40.133125
64214,7.314,40.13375
64215,7.294,40.134375
64216,7.283,40.135
64217,7.292,40.135625
64218,7.336,40.13625
64219,7.341,40.136875
64220,7.337,40.1375
64221,7.33,40.138125
64222,7.31,40.13875
64223,7.315,40.139375
64224,7.318,40.14
64225,7.261,40.140625
64226,7.19,40.14125
64227,7.163,40.141875
64228,7.21,40.1425
64229,7.159,40.143125
64230,7.103,40.14375
64231,7.05,40.144375
64232,7.023,40.145
64233,6.979,40.145625
64234,6.92,40.14625
64235,6.842,40.146875
64236,6.77,40.1475
64237,6.734,40.148125
64238,6.734,40.14875
64239,6.68,40.149375
64240,6.643,40.15
64241,6.621,40.150625
64242,6.614,40.15125
64243,6.618,40.151875
64244,6.602,40.1525
64245,6.547,40.153125
64246,6.572,40.15375
64247,6.562,40.154375
64248,6.517,40.155
64249,6.446,40.155625
64250,6.419,40.15625
64251,6.441,40.156875
64252,6.539,40.1575
64253,6.5,40.158125
64254,6.469,40.15875
64255,6.466,40.159375
64256,6.405,40.16
64257,6.417,40.160625
64258,6.447,40.16125
64259,6.39,40.161875
64260,6.408,40.1625
64261,6.427,40.163125
64262,6.417,40.16375
64263,6.38,40.164375
64264,6.41,40.165
64265,6.474,40.165625
64266,6.407,40.16625
64267,6.393,40.166875
64268,6.399,40.1675
64269,6.406,40.168125
64270,6.434,40.16875
64271,6.44,40.169375
64272,6.418,40.17
64273,6.361,40.170625
64274,6.378,40.17125
64275,6.426,40.171875
64276,6.426,40.1725
64277,6.394,40.173125
64278,6.382,40.17375
64279,6.415,40.174375
64280,6.436,40.175
64281,6.447,40.175625
64282,6.445,40.17625
64283,6.412,40.176875
64284,6.388,40.1775
64285,6.373,40.178125
64286,6.373,40.17875
64287,6.335,40.179375
64288,6.319,40.18
64289,6.333,40.180625
64290,6.292,40.18125
64291,6.275,40.181875
64292,6.267,40.1825
64293,6.24,40.183125
64294,6.294,40.18375
64295,6.335,40.184375
64296,6.321,40.185
64297,6.321,40.185625
64298,6.321,40.18625
64299,6.322,40.186875
64300,6.332,40.1875
64301,6.318,40.188125
64302,6.311,40.18875
64303,6.341,40.189375
64304,6.339,40.19
64305,6.302,40.190625
64306,6.235,40.19125
64307,6.245,40.191875
64308,6.232,40.1925
64309,6.216,40.193125
64310,6.243,40.19375
64311,6.241,40.194375
64312,6.232,40.195
64313,6.225,40.195625
64314,6.16,40.19625
64315,6.148,40.196875
64316,6.174,40.1975
64317,6.154,40.198125
64318,6.11,40.19875
64319,6.083,40.199375
64320,6.12,40.2
64321,6.089,40.200625
64322,6.059,40.20125
64323,6.042,40.201875
64324,6.025,40.2025
64325,5.985,40.203125
64326,5.942,40.20375
64327,5.942,40.204375
64328,5.932,40.205
64329,5.923,40.205625
64330,5.923,40.20625
64331,5.933,40.206875
64332,5.926,40.2075
64333,5.905,40.208125
64334,5.874,40.20875
64335,5.861,40.209375
64336,5.867,40.21
64337,5.905,40.210625
64338,5.84,40.21125
64339,5.8,40.211875
64340,5.801,40.2125
64341,5.743,40.213125
64342,5.765,40.21375
64343,5.81,40.214375
64344,5.773,40.215
64345,5.757,40.215625
64346,5.763,40.21625
64347,5.793,40.216875
64348,5.732,40.2175
64349,5.677,40.218125
64350,5.643,40.21875
64351,5.697,40.219375
64352,5.688,40.22
64353,5.649,40.220625
64354,5.594,40.22125
64355,5.609,40.221875
64356,5.611,40.2225
64357,5.587,40.223125
64358,5.56,40.22375
64359,5.552,40.224375
64360,5.544,40.225
64361,5.497,40.225625
64362,5.501,40.22625
64363,5.491,40.226875
64364,5.437,40.2275
64365,5.428,40.228125
64366,5.42,40.22875
64367,5.416,40.229375
64368,5.457,40.23
64369,5.439,40.230625
64370,5.396,40.23125
64371,5.345,40.231875
64372,5.372,40.2325
64373,5.374,40.233125
64374,5.338,40.23375
64375,5.325,40.234375
64376,5.326,40.235
64377,5.331,40.235625
64378,5.314,40.23625
64379,5.289,40.236875
64380,5.281,40.2375
64381,5.305,40.238125
64382,5.315,40.23875
64383,5.314,40.239375
64384,5.306,40.24
64385,5.309,40.240625
64386,5.25,40.24125
64387,5.203,40.241875
64388,5.243,40.2425
64389,5.281,40.243125
64390,5.285,40.24375
64391,5.251,40.244375
64392,5.217,40.245
64393,5.203,40.245625
64394,5.203,40.24625
64395,5.217,40.246875
64396,5.171,40.2475
64397,5.138,40.248125
64398,5.152,40.24875
64399,5.156,40.249375
64400,5.163,40.25
64401,5.165,40.250625
64402,5.114,40.25125
64403,5.095,40.251875
64404,5.077,40.2525
64405,5.033,40.253125
64406,5.058,40.25375
64407,5.087,40.254375
64408,5.105,40.255
64409,5.021,40.255625
64410,4.972,40.25625
64411,4.949,40.256875
64412,4.939,40.2575
64413,4.918,40.258125
64414,4.903,40.25875
64415,4.903,40.259375
64416,4.894,40.26
64417,4.863,40.260625
64418,4.829,40.26125
64419,4.883,40.261875
64420,4.867,40.2625
64421,4.831,40.263125
64422,4.814,40.26375
64423,4.797,40.264375
64424,4.795,40.265
64425,4.809,40.265625
64426,4.839,40.26625
64427,4.797,40.266875
64428,4.729,40.2675
64429,4.723,40.268125
64430,4.7,40.26875
64431,4.688,40.269375
64432,4.702,40.27
64433,4.67,40.270625
64434,4.665,40.27125
64435,4.681,40.271875
64436,4.664,40.2725
64437,4.681,40.273125
64438,4.681,40.27375
64439,4.61,40.274375
64440,4.622,40.275
64441,4.615,40.275625
64442,4.572,40.27625
64443,4.559,40.276875
64444,4.567,40.2775
64445,4.563,40.278125
64446,4.472,40.27875
64447,4.437,40.279375
64448,4.437,40.28
64449,4.471,40.280625
64450,4.381,40.28125
64451,4.379,40.281875
64452,4.443,40.2825
64453,4.436,40.283125
64454,4.41,40.28375
64455,4.382,40.284375
64456,4.369,40.285
64457,4.37,40.285625
64458,4.359,40.28625
64459,4.333,40.286875
64460,4.323,40.2875
64461,4.321,40.288125
64462,4.324,40.28875
64463,4.324,40.289375
64464,4.319,40.29
64465,4.309,40.290625
64466,4.296,40.29125
64467,4.289,40.291875
64468,4.286,40.2925
64469,4.289,40.293125
64470,4.312,40.29375
64471,4.329,40.294375
64472,4.335,40.295
64473,4.325,40.295625
64474,4.318,40.29625
64475,4.302,40.296875
64476,4.276,40.2975
64477,4.269,40.298125
64478,4.245,40.29875
64479,4.228,40.299375
64480,4.272,40.3
64481,4.294,40.300625
64482,4.295,40.30125
64483,4.267,40.301875
64484,4.292,40.3025
64485,4.277,40.303125
64486,4.238,40.30375
64487,4.279,40.304375
64488,4.269,40.305
64489,4.261,40.305625
64490,4.309,40.30625
64491,4.311,40.306875
64492,4.292,40.3075
64493,4.258,40.308125
64494,4.282,40.30875
64495,4.305,40.309375
64496,4.307,40.31
64497,4.23,40.310625
64498,4.235,40.31125
64499,4.261,40.311875
64500,4.285,40.3125
64501,4.227,40.313125
64502,4.205,40.31375
64503,4.217,40.314375
64504,4.244,40.315
64505,4.255,40.315625
64506,4.243,40.31625
64507,4.196,40.316875
64508,4.228,40.3175
64509,4.249,40.318125
64510,4.241,40.31875
64511,4.2,40.319375
64512,4.153,40.32
64513,4.113,40.320625
64514,4.113,40.32125
64515,4.089,40.321875
64516,4.07,40.3225
64517,4.07,40.323125
64518,4.158,40.32375
64519,4.175,40.324375
64520,4.131,40.325
64521,4.08,40.325625
64522,4.089,40.32625
64523,4.122,40.326875
64524,4.153,40.3275
64525,4.18,40.328125
64526,4.188,40.32875
64527,4.175,40.329375
64528,4.175,40.33
64529,4.175,40.330625
64530,4.185,40.33125
64531,4.233,40.331875
64532,4.216,40.3325
64533,4.228,40.333125
64534,4.316,40.33375
64535,4.261,40.334375
64536,4.277,40.335
64537,4.34,40.335625
64538,4.279,40.33625
64539,4.303,40.336875
64540,4.331,40.3375
64541,4.291,40.338125
64542,4.253,40.33875
64543,4.281,40.339375
64544,4.379,40.34
64545,4.335,40.340625
64546,4.321,40.34125
64547,4.318,40.341875
64548,4.291,40.3425
64549,4.347,40.343125
64550,4.387,40.34375
64551,4.363,40.344375
64552,4.352,40.345
64553,4.359,40.345625
64554,4.377,40.34625
64555,4.38,40.346875
64556,4.384,40.3475
64557,4.396,40.348125
64558,4.43,40.34875
64559,4.425,40.349375
64560,4.44,40.35
64561,4.482,40.350625
64562,4.482,40.35125
64563,4.467,40.351875
64564,4.448,40.3525
64565,4.448,40.353125
64566,4.459,40.35375
64567,4.484,40.354375
64568,4.528,40.355
64569,4.51,40.355625
64570,4.466,40.35625
64571,4.41,40.356875
64572,4.41,40.3575
64573,4.437,40.358125
64574,4.464,40.35875
64575,4.467,40.359375
64576,4.411,40.36
64577,4.405,40.360625
64578,4.462,40.36125
64579,4.452,40.361875
64580,4.459,40.3625
64581,4.467,40.363125
64582,4.444,40.36375
64583,4.476,40.364375
64584,4.488,40.365
64585,4.441,40.365625
64586,4.455,40.36625
64587,4.45,40.366875
64588,4.426,40.3675
64589,4.403,40.368125
64590,4.405,40.36875
64591,4.415,40.369375
64592,4.415,40.37
64593,4.344,40.370625
64594,4.302,40.37125
64595,4.306,40.371875
64596,4.326,40.3725
64597,4.3,40.373125
64598,4.255,40.37375
64599,4.245,40.374375
64600,4.24,40.375
64601,4.234,40.375625
64602,4.224,40.37625
64603,4.204,40.376875
64604,4.191,40.3775
64605,4.18,40.378125
64606,4.143,40.37875
64607,4.154,40.379375
64608,4.182,40.38
64609,4.206,40.380625
64610,4.194,40.38125
64611,4.156,40.381875
64612,4.094,40.3825
64613,4.094,40.383125
64614,4.077,40.38375
64615,4.059,40.384375
64616,4.072,40.385
64617,4.003,40.385625
64618,3.943,40.38625
64619,3.936,40.386875
64620,3.907,40.3875
64621,3.893,40.388125
64622,3.89,40.38875
64623,3.863,40.389375
64624,3.819,40.39
64625,3.782,40.390625
64626,3.778,40.39125
64627,3.701,40.391875
64628,3.672,40.3925
64629,3.709,40.393125
64630,3.651,40.39375
64631,3.64,40.394375
64632,3.646,40.395
64633,3.613,40.395625
64634,3.611,40.39625
64635,3.603,40.396875
64636,3.569,40.3975
64637,3.532,40.398125
64638,3.493,40.39875
64639,3.461,40.399375
64640,3.495,40.4
64641,3.467,40.400625
64642,3.433,40.40125
64643,3.45,40.401875
64644,3.429,40.4025
64645,3.417,40.403125
64646,3.423,40.40375
64647,3.417,40.404375
64648,3.361,40.405
64649,3.283,40.405625
64650,3.229,40.40625
64651,3.202,40.406875
64652,3.199,40.4075
64653,3.226,40.408125
64654,3.195,40.40875
64655,3.172,40.409375
64656,3.158,40.41
64657,3.138,40.410625
64658,3.153,40.41125
64659,3.165,40.411875
64660,3.131,40.4125
64661,3.053,40.413125
64662,3.038,40.41375
64663,3.102,40.414375
64664,3.092,40.415
64665,3.11,40.415625
64666,3.127,40.41625
64667,3.079,40.416875
64668,3.093,40.4175
64669,3.107,40.418125
64670,3.094,40.41875
64671,3.126,40.419375
64672,3.114,40.42
64673,3.085,40.420625
64674,3.21,40.42125
64675,3.203,40.421875
64676,3.158,40.4225
64677,3.152,40.423125
64678,3.142,40.42375
64679,3.141,40.424375
64680,3.153,40.425
64681,3.211,40.425625
64682,3.226,40.42625
64683,3.217,40.426875
64684,3.214,40.4275
64685,3.202,40.428125
64686,3.199,40.42875
64687,3.212,40.429375
64688,3.275,40.43
64689,3.295,40.430625
64690,3.276,40.43125
64691,3.246,40.431875
64692,3.211,40.4325
64693,3.215,40.433125
64694,3.32,40.43375
64695,3.321,40.434375
64696,3.261,40.435
64697,3.152,40.435625
64698,3.186,40.43625
64699,3.245,40.436875
64700,3.304,40.4375
64701,3.304,40.438125
64702,3.269,40.43875
64703,3.229,40.439375
64704,3.195,40.44
64705,3.255,40.440625
64706,3.299,40.44125
64707,3.322,40.441875
64708,3.316,40.4425
64709,3.33,40.443125
64710,3.343,40.44375
64711,3.33,40.444375
64712,3.39,40.445
64713,3.464,40.445625
64714,3.538,40.44625
64715,3.528,40.446875
64716,3.598,40.4475
64717,3.691,40.448125
64718,3.688,40.44875
64719,3.746,40.449375
64720,3.825,40.45
64721,3.913,40.450625
64722,3.952,40.45125
64723,3.995,40.451875
64724,4.041,40.4525
64725,4.075,40.453125
64726,4.113,40.45375
64727,4.147,40.454375
64728,4.164,40.455
64729,4.163,40.455625
64730,4.192,40.45625
64731,4.259,40.456875
64732,4.299,40.4575
64733,4.344,40.458125
64734,4.372,40.45875
64735,4.324,40.459375
64736,4.384,40.46
64737,4.424,40.460625
64738,4.383,40.46125
64739,4.452,40.461875
64740,4.514,40.4625
64741,4.559,40.463125
64742,4.566,40.46375
64743,4.621,40.464375
64744,4.655,40.465
64745,4.591,40.465625
64746,4.644,40.46625
64747,4.708,40.466875
64748,4.758,40.4675
64749,4.718,40.468125
64750,4.755,40.46875
64751,4.825,40.469375
64752,4.842,40.47
64753,4.891,40.470625
64754,4.942,40.47125
64755,4.983,40.471875
64756,5.011,40.4725
64757,5.034,40.473125
64758,5.058,40.47375
64759,5.105,40.474375
64760,5.116,40.475
64761,5.13,40.475625
64762,5.184,40.47625
64763,5.205,40.476875
64764,5.268,40.4775
64765,5.381,40.478125
64766,5.34,40.47875
64767,5.327,40.479375
64768,5.337,40.48
64769,5.374,40.480625
64770,5.39,40.48125
64771,5.414,40.481875
64772,5.461,40.4825
64773,5.518,40.483125
64774,5.554,40.48375
64775,5.571,40.484375
64776,5.584,40.485
64777,5.607,40.485625
64778,5.641,40.48625
64779,5.692,40.486875
64780,5.742,40.4875
64781,5.795,40.488125
64782,5.851,40.48875
64783,5.952,40.489375
64784,6.02,40.49
64785,6.068,40.490625
64786,6.118,40.49125
64787,6.177,40.491875
64788,6.248,40.4925
64789,6.336,40.493125
64790,6.288,40.49375
64791,6.327,40.494375
64792,6.434,40.495
64793,6.457,40.495625
64794,6.526,40.49625
64795,6.607,40.496875
64796,6.672,40.4975
64797,6.756,40.498125
64798,6.829,40.49875
64799,6.882,40.499375
64800,6.923,40.5
64801,7.008,40.500625
64802,7.106,40.50125
64803,7.153,40.501875
64804,7.187,40.5025
64805,7.244,40.503125
64806,7.346,40.50375
64807,7.431,40.504375
64808,7.521,40.505
64809,7.609,40.505625
64810,7.653,40.50625
64811,7.692,40.506875
64812,7.737,40.5075
64813,7.802,40.508125
64814,7.875,40.50875
64815,7.974,40.509375
64816,8.097,40.51
64817,8.104,40.510625
64818,8.174,40.51125
64819,8.268,40.511875
64820,8.309,40.5125
64821,8.344,40.513125
64822,8.395,40.51375
64823,8.477,40.514375
64824,8.558,40.515
64825,8.63,40.515625
64826,8.694,40.51625
64827,8.758,40.516875
64828,8.753,40.5175
64829,8.763,40.518125
64830,8.882,40.51875
64831,8.932,40.519375
64832,9.017,40.52
64833,9.155,40.520625
64834,9.259,40.52125
64835,9.356,40.521875
64836,9.459,40.5225
64837,9.607,40.523125
64838,9.714,40.52375
64839,9.809,40.524375
64840,9.907,40.525
64841,10.025,40.525625
64842,10.15,40.52625
64843,10.27,40.526875
64844,10.297,40.5275
64845,10.352,40.528125
64846,10.45,40.52875
64847,10.622,40.529375
64848,10.612,40.53
64849,10.604,40.530625
64850,10.632,40.53125
64851,10.69,40.531875
64852,10.699,40.5325
64853,10.706,40.533125
64854,10.821,40.53375
64855,10.838,40.534375
64856,10.844,40.535
64857,10.878,40.535625
64858,10.928,40.53625
64859,10.978,40.536875
64860,11.025,40.5375
64861,11.038,40.538125
64862,11.047,40.53875
64863,11.053,40.539375
64864,11.056,40.54
64865,11.051,40.540625
64866,11.053,40.54125
64867,11.066,40.541875
64868,11.073,40.5425
64869,11.069,40.543125
64870,11.059,40.54375
64871,11.049,40.544375
64872,11.089,40.545
64873,11.113,40.545625
64874,11.086,40.54625
64875,11.092,40.546875
64876,11.095,40.5475
64877,11.098,40.548125
64878,11.125,40.54875
64879,11.159,40.549375
64880,11.171,40.55
64881,11.121,40.550625
64882,11.155,40.55125
64883,11.187,40.551875
64884,11.202,40.5525
64885,11.249,40.553125
64886,11.238,40.55375
64887,11.202,40.554375
64888,11.212,40.555
64889,11.201,40.555625
64890,11.19,40.55625
64891,11.19,40.556875
64892,11.155,40.5575
64893,11.14,40.558125
64894,11.139,40.55875
64895,11.112,40.559375
64896,11.083,40.56
64897,11.068,40.560625
64898,11.092,40.56125
64899,11.098,40.561875
64900,11.109,40.5625
64901,11.129,40.563125
64902,11.139,40.56375
64903,11.151,40.564375
64904,11.155,40.565
64905,11.121,40.565625
64906,11.127,40.56625
64907,11.139,40.566875
64908,11.142,40.5675
64909,11.062,40.568125
64910,11.041,40.56875
64911,11.065,40.569375
64912,11.018,40.57
64913,10.978,40.570625
64914,10.921,40.57125
64915,10.816,40.571875
64916,10.841,40.5725
64917,10.857,40.573125
64918,10.84,40.57375
64919,10.813,40.574375
64920,10.742,40.575
64921,10.668,40.575625
64922,10.688,40.57625
64923,10.658,40.576875
64924,10.646,40.5775
64925,10.69,40.578125
64926,10.68,40.57875
64927,10.655,40.579375
64928,10.625,40.58
64929,10.625,40.580625
64930,10.623,40.58125
64931,10.626,40.581875
64932,10.647,40.5825
64933,10.649,40.583125
64934,10.666,40.58375
64935,10.7,40.584375
64936,10.646,40.585
64937,10.598,40.585625
64938,10.566,40.58625
64939,10.579,40.586875
64940,10.606,40.5875
64941,10.617,40.588125
64942,10.593,40.58875
64943,10.553,40.589375
64944,10.536,40.59
64945,10.538,40.590625
64946,10.532,40.59125
64947,10.518,40.591875
64948,10.504,40.5925
64949,10.497,40.593125
64950,10.455,40.59375
64951,10.434,40.594375
64952,10.443,40.595
64953,10.44,40.595625
64954,10.46,40.59625
64955,10.472,40.596875
64956,10.401,40.5975
64957,10.354,40.598125
64958,10.329,40.59875
64959,10.329,40.599375
64960,10.296,40.6
64961,10.268,40.600625
64962,10.242,40.60125
64963,10.202,40.601875
64964,10.166,40.6025
64965,10.129,40.603125
64966,10.085,40.60375
64967,10.08,40.604375
64968,10.038,40.605
64969,9.949,40.605625
64970,9.922,40.60625
64971,9.91,40.606875
64972,9.896,40.6075
64973,9.842,40.608125
64974,9.788,40.60875
64975,9.732,40.609375
64976,9.671,40.61
64977,9.594,40.610625
64978,9.558,40.61125
64979,9.554,40.611875
64980,9.52,40.6125
64981,9.453,40.613125
64982,9.392,40.61375
64983,9.382,40.614375
64984,9.325,40.615
64985,9.27,40.615625
64986,9.225,40.61625
64987,9.171,40.616875
64988,9.128,40.6175
64989,9.093,40.618125
64990,9.066,40.61875
64991,9.049,40.619375
64992,9.019,40.62
64993,8.962,40.620625
64994,8.937,40.62125
64995,8.935,40.621875
64996,8.939,40.6225
64997,8.848,40.623125
64998,8.771,40.62375
64999,8.713,40.624375
65000,8.689,40.625
65001,8.683,40.625625
65002,8.639,40.62625
65003,8.547,40.626875
65004,8.551,40.6275
65005,8.496,40.628125
65006,8.415,40.62875
65007,8.374,40.629375
65008,8.331,40.63
65009,8.262,40.630625
65010,8.151,40.63125
65011,8.11,40.631875
65012,8.067,40.6325
65013,8.016,40.633125
65014,7.939,40.63375
65015,7.915,40.634375
65016,7.885,40.635
65017,7.777,40.635625
65018,7.756,40.63625
65019,7.736,40.636875
65020,7.697,40.6375
65021,7.599,40.638125
65022,7.54,40.63875
65023,7.506,40.639375
65024,7.468,40.64
65025,7.434,40.640625
65026,7.393,40.64125
65027,7.339,40.641875
65028,7.278,40.6425
65029,7.232,40.643125
65030,7.195,40.64375
65031,7.134,40.644375
65032,7.09,40.645
65033,7.045,40.645625
65034,6.981,40.64625
65035,6.949,40.646875
65036,6.891,40.6475
65037,6.798,40.648125
65038,6.761,40.64875
65039,6.728,40.649375
65040,6.691,40.65
65041,6.627,40.650625
65042,6.557,40.65125
65043,6.499,40.651875
65044,6.461,40.6525
65045,6.418,40.653125
65046,6.404,40.65375
65047,6.414,40.654375
65048,6.394,40.655
65049,6.409,40.655625
65050,6.414,40.65625
65051,6.353,40.656875
65052,6.35,40.6575
65053,6.319,40.658125
65054,6.244,40.65875
65055,6.248,40.659375
65056,6.228,40.66
65057,6.2,40.660625
65058,6.193,40.66125
65059,6.168,40.661875
65060,6.143,40.6625
65061,6.13,40.663125
65062,6.036,40.66375
65063,5.951,40.664375
65064,5.885,40.665
65065,5.885,40.665625
65066,5.847,40.66625
65067,5.785,40.666875
65068,5.7,40.6675
65069,5.654,40.668125
65070,5.618,40.66875
65071,5.585,40.669375
65072,5.49,40.67
65073,5.4,40.670625
65074,5.31,40.67125
65075,5.212,40.671875
65076,5.191,40.6725
65077,5.16,40.673125
65078,5.075,40.67375
65079,4.978,40.674375
65080,4.869,40.675
65081,4.763,40.675625
65082,4.753,40.67625
65083,4.701,40.676875
65084,4.632,40.6775
65085,4.572,40.678125
65086,4.484,40.67875
65087,4.399,40.679375
65088,4.321,40.68
65089,4.24,40.680625
65090,4.168,40.68125
65091,4.102,40.681875
65092,4.044,40.6825
65093,3.99,40.683125
65094,3.92,40.68375
65095,3.822,40.684375
65096,3.804,40.685
65097,3.752,40.685625
65098,3.677,40.68625
65099,3.674,40.686875
65100,3.637,40.6875
65101,3.572,40.688125
65102,3.471,40.68875
65103,3.402,40.689375
65104,3.36,40.69
65105,3.344,40.690625
65106,3.236,40.69125
65107,3.188,40.691875
65108,3.158,40.6925
65109,3.05,40.693125
65110,3.0,40.69375
65111,2.934,40.694375
65112,2.812,40.695
65113,2.806,40.695625
65114,2.768,40.69625
65115,2.703,40.696875
65116,2.683,40.6975
65117,2.648,40.698125
65118,2.597,40.69875
65119,2.515,40.699375
65120,2.437,40.7
65121,2.399,40.700625
65122,2.407,40.70125
65123,2.367,40.701875
65124,2.339,40.7025
65125,2.31,40.703125
65126,2.25,40.70375
65127,2.212,40.704375
65128,2.172,40.705
65129,2.115,40.705625
65130,2.172,40.70625
65131,2.153,40.706875
65132,2.074,40.7075
65133,2.121,40.708125
65134,2.1,40.70875
65135,2.047,40.709375
65136,1.986,40.71
65137,1.978,40.710625
65138,1.961,40.71125
65139,1.925,40.711875
65140,1.925,40.7125
65141,1.902,40.713125
65142,1.86,40.71375
65143,1.8,40.714375
65144,1.752,40.715
65145,1.707,40.715625
65146,1.659,40.71625
65147,1.609,40.716875
65148,1.572,40.7175
65149,1.547,40.718125
65150,1.506,40.71875
65151,1.461,40.719375
65152,1.42,40.72
65153,1.397,40.720625
65154,1.344,40.72125
65155,1.268,40.721875
65156,1.172,40.7225
65157,1.145,40.723125
65158,1.108,40.72375
65159,1.06,40.724375
65160,0.996,40.725
65161,0.913,40.725625
65162,0.819,40.72625
65163,0.714,40.726875
65164,0.661,40.7275
65165,0.578,40.728125
65166,0.475,40.72875
65167,0.437,40.729375
65168,0.386,40.73
65169,0.335,40.730625
65170,0.302,40.73125
65171,0.154,40.731875
65172,0.038,40.7325
65173,-0.015,40.733125
65174,-0.035,40.73375
65175,-0.068,40.734375
65176,-0.103,40.735
65177,-0.117,40.735625
65178,-0.217,40.73625
65179,-0.294,40.736875
65180,-0.288,40.7375
65181,-0.358,40.738125
65182,-0.45,40.73875
65183,-0.544,40.739375
65184,-0.527,40.74
65185,-0.583,40.740625
65186,-0.672,40.74125
65187,-0.763,40.741875
65188,-0.755,40.7425
65189,-0.763,40.743125
65190,-0.811,40.74375
65191,-0.875,40.744375
65192,-0.911,40.745
65193,-0.931,40.745625
65194,-0.969,40.74625
65195,-1.001,40.746875
65196,-1.049,40.7475
65197,-1.13,40.748125
65198,-1.148,40.74875
65199,-1.145,40.749375
65200,-1.14,40.75
65201,-1.228,40.750625
65202,-1.297,40.75125
65203,-1.338,40.751875
65204,-1.328,40.7525
65205,-1.321,40.753125
65206,-1.353,40.75375
65207,-1.432,40.754375
65208,-1.449,40.755
65209,-1.462,40.755625
65210,-1.463,40.75625
65211,-1.43,40.756875
65212,-1.414,40.7575
65213,-1.408,40.758125
65214,-1.408,40.75875
65215,-1.523,40.759375
65216,-1.582,40.76
65217,-1.583,40.760625
65218,-1.57,40.76125
65219,-1.526,40.761875
65220,-1.489,40.7625
65221,-1.506,40.763125
65222,-1.523,40.76375
65223,-1.525,40.764375
65224,-1.508,40.765
65225,-1.494,40.765625
65226,-1.485,40.76625
65227,-1.483,40.766875
65228,-1.5,40.7675
65229,-1.498,40.768125
65230,-1.504,40.76875
65231,-1.531,40.769375
65232,-1.5,40.77
65233,-1.495,40.770625
65234,-1.516,40.77125
65235,-1.543,40.771875
65236,-1.493,40.7725
65237,-1.444,40.773125
65238,-1.488,40.77375
65239,-1.541,40.774375
65240,-1.587,40.775
65241,-1.621,40.775625
65242,-1.55,40.77625
65243,-1.541,40.776875
65244,-1.574,40.7775
65245,-1.618,40.778125
65246,-1.639,40.77875
65247,-1.648,40.779375
65248,-1.652,40.78
65249,-1.646,40.780625
65250,-1.644,40.78125
65251,-1.651,40.781875
65252,-1.688,40.7825
65253,-1.646,40.783125
65254,-1.61,40.78375
65255,-1.685,40.784375
65256,-1.715,40.785
65257,-1.715,40.785625
65258,-1.686,40.78625
65259,-1.686,40.786875
65260,-1.683,40.7875
65261,-1.681,40.788125
65262,-1.681,40.78875
65263,-1.699,40.789375
65264,-1.712,40.79
65265,-1.705,40.790625
65266,-1.676,40.79125
65267,-1.679,40.791875
65268,-1.711,40.7925
65269,-1.721,40.793125
65270,-1.717,40.79375
65271,-1.687,40.794375
65272,-1.606,40.795
65273,-1.609,40.795625
65274,-1.62,40.79625
65275,-1.622,40.796875
65276,-1.585,40.7975
65277,-1.536,40.798125
65278,-1.504,40.79875
65279,-1.582,40.799375
65280,-1.563,40.8
65281,-1.508,40.800625
65282,-1.44,40.80125
65283,-1.443,40.801875
65284,-1.446,40.8025
65285,-1.444,40.803125
65286,-1.424,40.80375
65287,-1.469,40.804375
65288,-1.497,40.805
65289,-1.402,40.805625
65290,-1.435,40.80625
65291,-1.429,40.806875
65292,-1.351,40.8075
65293,-1.388,40.808125
65294,-1.389,40.80875
65295,-1.377,40.809375
65296,-1.418,40.81
65297,-1.414,40.810625
65298,-1.415,40.81125
65299,-1.449,40.811875
65300,-1.451,40.8125
65301,-1.458,40.813125
65302,-1.467,40.81375
65303,-1.436,40.814375
65304,-1.425,40.815
65305,-1.42,40.815625
65306,-1.414,40.81625
65307,-1.468,40.816875
65308,-1.516,40.8175
65309,-1.542,40.818125
65310,-1.542,40.81875
65311,-1.562,40.819375
65312,-1.589,40.82
65313,-1.586,40.820625
65314,-1.598,40.82125
65315,-1.619,40.821875
65316,-1.646,40.8225
65317,-1.599,40.823125
65318,-1.595,40.82375
65319,-1.63,40.824375
65320,-1.643,40.825
65321,-1.64,40.825625
65322,-1.62,40.82625
65323,-1.573,40.826875
65324,-1.615,40.8275
65325,-1.619,40.828125
65326,-1.557,40.82875
65327,-1.608,40.829375
65328,-1.585,40.83
65329,-1.528,40.830625
65330,-1.528,40.83125
65331,-1.501,40.831875
65332,-1.463,40.8325
65333,-1.415,40.833125
65334,-1.362,40.83375
65335,-1.322,40.834375
65336,-1.294,40.835
65337,-1.264,40.835625
65338,-1.182,40.83625
65339,-1.096,40.836875
65340,-1.059,40.8375
65341,-0.964,40.838125
65342,-0.886,40.83875
65343,-0.84,40.839375
65344,-0.718,40.84
65345,-0.646,40.840625
65346,-0.591,40.84125
65347,-0.476,40.841875
65348,-0.379,40.8425
65349,-0.275,40.843125
65350,-0.146,40.84375
65351,-0.021,40.844375
65352,0.093,40.845
65353,0.192,40.845625
65354,0.239,40.84625
65355,0.359,40.846875
65356,0.482,40.8475
65357,0.53,40.848125
65358,0.626,40.84875
65359,0.731,40.849375
65360,0.835,40.85
65361,0.92,40.850625
65362,0.986,40.85125
65363,1.04,40.851875
65364,1.098,40.8525
65365,1.158,40.853125
65366,1.214,40.85375
65367,1.261,40.854375
65368,1.363,40.855
65369,1.425,40.855625
65370,1.452,40.85625
65371,1.502,40.856875
65372,1.558,40.8575
65373,1.624,40.858125
65374,1.716,40.85875
65375,1.778,40.859375
65376,1.817,40.86
65377,1.836,40.860625
65378,1.917,40.86125
65379,1.996,40.861875
65380,2.075,40.8625
65381,2.16,40.863125
65382,2.202,40.86375
65383,2.254,40.864375
65384,2.346,40.865
65385,2.421,40.865625
65386,2.492,40.86625
65387,2.561,40.866875
65388,2.642,40.8675
65389,2.7,40.868125
65390,2.773,40.86875
65391,2.915,40.869375
65392,2.996,40.87
65393,3.03,40.870625
65394,3.019,40.87125
65395,3.127,40.871875
65396,3.207,40.8725
65397,3.266,40.873125
65398,3.32,40.87375
65399,3.422,40.874375
65400,3.504,40.875
65401,3.528,40.875625
65402,3.535,40.87625
65403,3.569,40.876875
65404,3.625,40.8775
65405,3.672,40.878125
65406,3.727,40.87875
65407,3.777,40.879375
65408,3.807,40.88
65409,3.843,40.880625
65410,3.889,40.88125
65411,3.947,40.881875
65412,4.001,40.8825
65413,4.028,40.883125
65414,4.056,40.88375
65415,4.157,40.884375
65416,4.17,40.885
65417,4.166,40.885625
65418,4.179,40.88625
65419,4.234,40.886875
65420,4.286,40.8875
65421,4.328,40.888125
65422,4.318,40.88875
65423,4.324,40.889375
65424,4.345,40.89
65425,4.385,40.890625
65426,4.44,40.89125
65427,4.449,40.891875
65428,4.395,40.8925
65429,4.382,40.893125
65430,4.385,40.89375
65431,4.393,40.894375
65432,4.38,40.895
65433,4.413,40.895625
65434,4.436,40.89625
65435,4.416,40.896875
65436,4.396,40.8975
65437,4.384,40.898125
65438,4.38,40.89875
65439,4.37,40.899375
65440,4.355,40.9
65441,4.351,40.900625
65442,4.382,40.90125
65443,4.331,40.901875
65444,4.285,40.9025
65445,4.262,40.903125
65446,4.286,40.90375
65447,4.293,40.904375
65448,4.292,40.905
65449,4.302,40.905625
65450,4.341,40.90625
65451,4.368,40.906875
65452,4.358,40.9075
65453,4.383,40.908125
65454,4.413,40.90875
65455,4.454,40.909375
65456,4.548,40.91
65457,4.554,40.910625
65458,4.556,40.91125
65459,4.65,40.911875
65460,4.678,40.9125
65461,4.688,40.913125
65462,4.69,40.91375
65463,4.788,40.914375
65464,4.861,40.915
65465,4.925,40.915625
65466,5.017,40.91625
65467,5.087,40.916875
65468,5.154,40.9175
65469,5.225,40.918125
65470,5.295,40.91875
65471,5.374,40.919375
65472,5.458,40.92
65473,5.546,40.920625
65474,5.629,40.92125
65475,5.708,40.921875
65476,5.779,40.9225
65477,5.882,40.923125
65478,5.973,40.92375
65479,6.044,40.924375
65480,6.115,40.925
65481,6.18,40.925625
65482,6.243,40.92625
65483,6.314,40.926875
65484,6.44,40.9275
65485,6.547,40.928125
65486,6.591,40.92875
65487,6.701,40.929375
65488,6.837,40.93
65489,6.983,40.930625
65490,7.044,40.93125
65491,7.112,40.931875
65492,7.207,40.9325
65493,7.37,40.933125
65494,7.483,40.93375
65495,7.598,40.934375
65496,7.726,40.935
65497,7.855,40.935625
65498,7.957,40.93625
65499,8.041,40.936875
65500,8.122,40.9375
65501,8.229,40.938125
65502,8.36,40.93875
65503,8.523,40.939375
65504,8.653,40.94
65505,8.755,40.940625
65506,8.833,40.94125
65507,8.915,40.941875
65508,9.033,40.9425
65509,9.16,40.943125
65510,9.265,40.94375
65511,9.346,40.944375
65512,9.44,40.945
65513,9.554,40.945625
65514,9.605,40.94625
65515,9.688,40.946875
65516,9.785,40.9475
65517,9.849,40.948125
65518,9.901,40.94875
65519,9.938,40.949375
65520,9.959,40.95
65521,10.023,40.950625
65522,10.075,40.95125
65523,10.113,40.951875
65524,10.153,40.9525
65525,10.228,40.953125
65526,10.302,40.95375
65527,10.329,40.954375
65528,10.374,40.955
65529,10.412,40.955625
65530,10.438,40.95625
65531,10.421,40.956875
65532,10.378,40.9575
65533,10.336,40.958125
65534,10.373,40.95875
65535,10.384,40.959375
65536,10.4,40.96
65537,10.441,40.960625
65538,10.402,40.96125
65539,10.364,40.961875
65540,10.333,40.9625
65541,10.326,40.963125
65542,10.326,40.96375
65543,10.307,40.964375
65544,10.226,40.965
65545,10.222,40.965625
65546,10.19,40.96625
65547,10.103,40.966875
65548,10.052,40.9675
65549,10.019,40.968125
65550,10.0,40.96875
65551,9.987,40.969375
65552,9.903,40.97
65553,9.818,40.970625
65554,9.767,40.97125
65555,9.672,40.971875
65556,9.59,40.9725
65557,9.522,40.973125
65558,9.451,40.97375
65559,9.361,40.974375
65560,9.267,40.975
65561,9.182,40.975625
65562,9.15,40.97625
65563,9.086,40.976875
65564,8.972,40.9775
65565,8.891,40.978125
65566,8.83,40.97875
65567,8.78,40.979375
65568,8.715,40.98
65569,8.69,40.980625
65570,8.641,40.98125
65571,8.526,40.981875
65572,8.452,40.9825
65573,8.4,40.983125
65574,8.367,40.98375
65575,8.34,40.984375
65576,8.288,40.985
65577,8.217,40.985625
65578,8.129,40.98625
65579,8.148,40.986875
65580,8.144,40.9875
65581,8.088,40.988125
65582,8.105,40.98875
65583,8.069,40.989375
65584,8.006,40.99
65585,7.979,40.990625
65586,7.947,40.99125
65587,7.931,40.991875
65588,7.948,40.9925
65589,7.886,40.993125
65590,7.844,40.99375
65591,7.834,40.994375
65592,7.881,40.995
65593,7.894,40.995625
65594,7.869,40.99625
65595,7.784,40.996875
65596,7.789,40.9975
65597,7.808,40.998125
65598,7.825,40.99875
65599,7.841,40.999375
65600,7.81,41.0
65601,7.754,41.000625
65602,7.737,41.00125
65603,7.733,41.001875
65604,7.74,41.0025
65605,7.761,41.003125
65606,7.809,41.00375
65607,7.862,41.004375
65608,7.912,41.005
65609,7.925,41.005625
65610,7.994,41.00625
65611,8.061,41.006875
65612,8.051,41.0075
65613,8.069,41.008125
65614,8.089,41.00875
65615,8.103,41.009375
65616,8.178,41.01
65617,8.211,41.010625
65618,8.234,41.01125
65619,8.325,41.011875
65620,8.382,41.0125
65621,8.427,41.013125
65622,8.468,41.01375
65623,8.493,41.014375
65624,8.494,41.015
65625,8.481,41.015625
65626,8.539,41.01625
65627,8.624,41.016875
65628,8.706,41.0175
65629,8.743,41.018125
65630,8.763,41.01875
65631,8.793,41.019375
65632,8.839,41.02
65633,8.836,41.020625
65634,8.851,41.02125
65635,8.867,41.021875
65636,8.837,41.0225
65637,8.84,41.023125
65638,8.848,41.02375
65639,8.844,41.024375
65640,8.895,41.025
65641,8.902,41.025625
65642,8.864,41.02625
65643,8.824,41.026875
65644,8.767,41.0275
65645,8.715,41.028125
65646,8.698,41.02875
65647,8.627,41.029375
65648,8.568,41.03
65649,8.536,41.030625
65650,8.438,41.03125
65651,8.373,41.031875
65652,8.32,41.0325
65653,8.229,41.033125
65654,8.236,41.03375
65655,8.201,41.034375
65656,8.032,41.035
65657,8.033,41.035625
65658,7.965,41.03625
65659,7.828,41.036875
65660,7.771,41.0375
65661,7.667,41.038125
65662,7.567,41.03875
65663,7.537,41.039375
65664,7.481,41.04
65665,7.398,41.040625
65666,7.287,41.04125
65667,7.199,41.041875
65668,7.105,41.0425
65669,7.007,41.043125
65670,6.909,41.04375
65671,6.821,41.044375
65672,6.712,41.045
65673,6.557,41.045625
65674,6.473,41.04625
65675,6.403,41.046875
65676,6.328,41.0475
65677,6.159,41.048125
65678,6.032,41.04875
65679,5.938,41.049375
65680,5.884,41.05
65681,5.827,41.050625
65682,5.765,41.05125
65683,5.698,41.051875
65684,5.678,41.0525
65685,5.601,41.053125
65686,5.499,41.05375
65687,5.459,41.054375
65688,5.454,41.055
65689,5.438,41.055625
65690,5.377,41.05625
65691,5.354,41.056875
65692,5.339,41.0575
65693,5.324,41.058125
65694,5.263,41.05875
65695,5.269,41.059375
65696,5.285,41.06
65697,5.245,41.060625
65698,5.267,41.06125
65699,5.288,41.061875
65700,5.291,41.0625
65701,5.26,41.063125
65702,5.232,41.06375
65703,5.209,41.064375
65704,5.202,41.065
65705,5.231,41.065625
65706,5.25,41.06625
65707,5.226,41.066875
65708,5.237,41.0675
65709,5.231,41.068125
65710,5.212,41.06875
65711,5.232,41.069375
65712,5.225,41.07
65713,5.214,41.070625
65714,5.231,41.07125
65715,5.211,41.071875
65716,5.208,41.0725
65717,5.238,41.073125
65718,5.215,41.07375
65719,5.199,41.074375
65720,5.191,41.075
65721,5.191,41.075625
65722,5.178,41.07625
65723,5.192,41.076875
65724,5.267,41.0775
65725,5.281,41.078125
65726,5.292,41.07875
65727,5.304,41.079375
65728,5.338,41.08
65729,5.356,41.080625
65730,5.375,41.08125
65731,5.423,41.081875
65732,5.419,41.0825
65733,5.424,41.083125
65734,5.455,41.08375
65735,5.526,41.084375
65736,5.559,41.085
65737,5.558,41.085625
65738,5.52,41.08625
65739,5.468,41.086875
65740,5.41,41.0875
65741,5.353,41.088125
65742,5.374,41.08875
65743,5.375,41.089375
65744,5.352,41.09
65745,5.331,41.090625
65746,5.29,41.09125
65747,5.256,41.091875
65748,5.27,41.0925
65749,5.201,41.093125
65750,5.121,41.09375
65751,5.047,41.094375
65752,5.01,41.095
65753,4.976,41.095625
65754,4.935,41.09625
65755,4.84,41.096875
65756,4.779,41.0975
65757,4.734,41.098125
65758,4.7,41.09875
65759,4.663,41.099375
