,ax,t
140894,-6.851,88.05875
140895,-6.827,88.059375
140896,-6.835,88.06
140897,-6.879,88.060625
140898,-6.904,88.06125
140899,-6.914,88.061875
140900,-6.914,88.0625
140901,-6.88,88.063125
140902,-6.845,88.06375
140903,-6.824,88.064375
140904,-6.853,88.065
140905,-6.865,88.065625
140906,-6.861,88.06625
140907,-6.85,88.066875
140908,-6.89,88.0675
140909,-6.926,88.068125
140910,-6.899,88.06875
140911,-6.934,88.069375
140912,-6.933,88.07
140913,-6.881,88.070625
140914,-6.874,88.07125
140915,-6.884,88.071875
140916,-6.895,88.0725
140917,-6.872,88.073125
140918,-6.896,88.07375
140919,-6.907,88.074375
140920,-6.873,88.075
140921,-6.897,88.075625
140922,-6.897,88.07625
140923,-6.874,88.076875
140924,-6.853,88.0775
140925,-6.855,88.078125
140926,-6.872,88.07875
140927,-6.91,88.079375
140928,-6.891,88.08
140929,-6.881,88.080625
140930,-6.89,88.08125
140931,-6.887,88.081875
140932,-6.896,88.0825
140933,-6.894,88.083125
140934,-6.816,88.08375
140935,-6.768,88.084375
140936,-6.742,88.085
140937,-6.742,88.085625
140938,-6.71,88.08625
140939,-6.691,88.086875
140940,-6.682,88.0875
140941,-6.658,88.088125
140942,-6.62,88.08875
140943,-6.569,88.089375
140944,-6.502,88.09
140945,-6.561,88.090625
140946,-6.56,88.09125
140947,-6.468,88.091875
140948,-6.452,88.0925
140949,-6.443,88.093125
140950,-6.43,88.09375
140951,-6.379,88.094375
140952,-6.35,88.095
140953,-6.319,88.095625
140954,-6.275,88.09625
140955,-6.276,88.096875
140956,-6.27,88.0975
140957,-6.249,88.098125
140958,-6.175,88.09875
140959,-6.132,88.099375
140960,-6.112,88.1
140961,-6.119,88.100625
140962,-6.064,88.10125
140963,-6.036,88.101875
140964,-6.05,88.1025
140965,-5.986,88.103125
140966,-5.98,88.10375
140967,-5.994,88.104375
140968,-5.94,88.105
140969,-5.928,88.105625
140970,-5.936,88.10625
140971,-5.956,88.106875
140972,-5.934,88.1075
140973,-5.916,88.108125
140974,-5.905,88.10875
140975,-5.912,88.109375
140976,-5.926,88.11
140977,-5.929,88.110625
140978,-5.898,88.11125
140979,-5.859,88.111875
140980,-5.865,88.1125
140981,-5.922,88.113125
140982,-5.888,88.11375
140983,-5.886,88.114375
140984,-5.903,88.115
140985,-5.92,88.115625
140986,-5.87,88.11625
140987,-5.857,88.116875
140988,-5.939,88.1175
140989,-5.904,88.118125
140990,-5.89,88.11875
140991,-5.898,88.119375
140992,-5.888,88.12
140993,-5.894,88.120625
140994,-5.904,88.12125
140995,-5.904,88.121875
140996,-5.904,88.1225
140997,-5.893,88.123125
140998,-5.871,88.12375
140999,-5.881,88.124375
141000,-5.9,88.125
141001,-5.924,88.125625
141002,-5.951,88.12625
141003,-5.962,88.126875
141004,-5.948,88.1275
141005,-5.897,88.128125
141006,-5.859,88.12875
141007,-5.851,88.129375
141008,-5.86,88.13
141009,-5.813,88.130625
141010,-5.846,88.13125
141011,-5.894,88.131875
141012,-5.89,88.1325
141013,-5.857,88.133125
141014,-5.845,88.13375
141015,-5.86,88.134375
141016,-5.826,88.135
141017,-5.853,88.135625
141018,-5.887,88.13625
141019,-5.802,88.136875
141020,-5.814,88.1375
141021,-5.825,88.138125
141022,-5.791,88.13875
141023,-5.773,88.139375
141024,-5.792,88.14
141025,-5.826,88.140625
141026,-5.735,88.14125
141027,-5.71,88.141875
141028,-5.722,88.1425
141029,-5.756,88.143125
141030,-5.749,88.14375
141031,-5.746,88.144375
141032,-5.755,88.145
141033,-5.731,88.145625
141034,-5.691,88.14625
141035,-5.654,88.146875
141036,-5.675,88.1475
141037,-5.695,88.148125
141038,-5.719,88.14875
141039,-5.749,88.149375
141040,-5.641,88.15
141041,-5.59,88.150625
141042,-5.593,88.15125
141043,-5.593,88.151875
141044,-5.595,88.1525
141045,-5.6,88.153125
141046,-5.606,88.15375
141047,-5.584,88.154375
141048,-5.555,88.155
141049,-5.527,88.155625
141050,-5.557,88.15625
141051,-5.546,88.156875
141052,-5.521,88.1575
141053,-5.545,88.158125
141054,-5.574,88.15875
141055,-5.582,88.159375
141056,-5.551,88.16
141057,-5.563,88.160625
141058,-5.556,88.16125
141059,-5.539,88.161875
141060,-5.566,88.1625
141061,-5.6,88.163125
141062,-5.618,88.16375
141063,-5.587,88.164375
141064,-5.592,88.165
141065,-5.613,88.165625
141066,-5.646,88.16625
141067,-5.649,88.166875
141068,-5.64,88.1675
141069,-5.622,88.168125
141070,-5.602,88.16875
141071,-5.661,88.169375
141072,-5.704,88.17
141073,-5.68,88.170625
141074,-5.666,88.17125
141075,-5.674,88.171875
141076,-5.7,88.1725
141077,-5.717,88.173125
141078,-5.746,88.17375
141079,-5.781,88.174375
141080,-5.818,88.175
141081,-5.852,88.175625
141082,-5.849,88.17625
141083,-5.806,88.176875
141084,-5.866,88.1775
141085,-5.942,88.178125
141086,-6.007,88.17875
141087,-5.997,88.179375
141088,-5.987,88.18
141089,-5.987,88.180625
141090,-6.004,88.18125
141091,-6.027,88.181875
141092,-6.053,88.1825
141093,-6.077,88.183125
141094,-6.084,88.18375
141095,-6.093,88.184375
141096,-6.124,88.185
141097,-6.209,88.185625
141098,-6.229,88.18625
141099,-6.239,88.186875
141100,-6.25,88.1875
141101,-6.273,88.188125
141102,-6.297,88.18875
141103,-6.334,88.189375
141104,-6.421,88.19
141105,-6.477,88.190625
141106,-6.511,88.19125
141107,-6.521,88.191875
141108,-6.596,88.1925
141109,-6.632,88.193125
141110,-6.641,88.19375
141111,-6.715,88.194375
141112,-6.759,88.195
141113,-6.783,88.195625
141114,-6.793,88.19625
141115,-6.845,88.196875
141116,-6.916,88.1975
141117,-7.002,88.198125
141118,-7.046,88.19875
141119,-7.113,88.199375
141120,-7.182,88.2
141121,-7.202,88.200625
141122,-7.257,88.20125
141123,-7.32,88.201875
141124,-7.381,88.2025
141125,-7.451,88.203125
141126,-7.52,88.20375
141127,-7.585,88.204375
141128,-7.625,88.205
141129,-7.708,88.205625
141130,-7.795,88.20625
141131,-7.842,88.206875
141132,-7.913,88.2075
141133,-8.01,88.208125
141134,-8.131,88.20875
141135,-8.155,88.209375
141136,-8.204,88.21
141137,-8.27,88.210625
141138,-8.344,88.21125
141139,-8.429,88.211875
141140,-8.533,88.2125
141141,-8.665,88.213125
141142,-8.691,88.21375
141143,-8.733,88.214375
141144,-8.802,88.215
141145,-8.93,88.215625
141146,-9.035,88.21625
141147,-9.117,88.216875
141148,-9.168,88.2175
141149,-9.28,88.218125
141150,-9.365,88.21875
141151,-9.406,88.219375
141152,-9.46,88.22
141153,-9.577,88.220625
141154,-9.717,88.22125
141155,-9.799,88.221875
141156,-9.874,88.2225
141157,-9.967,88.223125
141158,-10.092,88.22375
141159,-10.144,88.224375
141160,-10.216,88.225
141161,-10.306,88.225625
141162,-10.356,88.22625
141163,-10.461,88.226875
141164,-10.574,88.2275
141165,-10.645,88.228125
141166,-10.721,88.22875
141167,-10.796,88.229375
141168,-10.869,88.23
141169,-10.99,88.230625
141170,-11.085,88.23125
141171,-11.159,88.231875
141172,-11.22,88.2325
141173,-11.321,88.233125
141174,-11.418,88.23375
141175,-11.489,88.234375
141176,-11.547,88.235
141177,-11.599,88.235625
141178,-11.647,88.23625
141179,-11.705,88.236875
141180,-11.812,88.2375
141181,-11.917,88.238125
141182,-11.965,88.23875
141183,-11.921,88.239375
141184,-11.947,88.24
141185,-12.072,88.240625
141186,-12.089,88.24125
141187,-12.164,88.241875
141188,-12.262,88.2425
141189,-12.302,88.243125
141190,-12.351,88.24375
141191,-12.387,88.244375
141192,-12.397,88.245
141193,-12.452,88.245625
141194,-12.484,88.24625
141195,-12.498,88.246875
141196,-12.538,88.2475
141197,-12.583,88.248125
141198,-12.616,88.24875
141199,-12.609,88.249375
141200,-12.617,88.25
141201,-12.618,88.250625
141202,-12.608,88.25125
141203,-12.597,88.251875
141204,-12.633,88.2525
141205,-12.683,88.253125
141206,-12.676,88.25375
141207,-12.651,88.254375
141208,-12.628,88.255
141209,-12.618,88.255625
141210,-12.621,88.25625
141211,-12.628,88.256875
141212,-12.635,88.2575
141213,-12.625,88.258125
141214,-12.603,88.25875
141215,-12.587,88.259375
141216,-12.597,88.26
141217,-12.546,88.260625
141218,-12.492,88.26125
141219,-12.45,88.261875
141220,-12.45,88.2625
141221,-12.421,88.263125
141222,-12.391,88.26375
141223,-12.431,88.264375
141224,-12.406,88.265
141225,-12.364,88.265625
141226,-12.327,88.26625
141227,-12.335,88.266875
141228,-12.298,88.2675
141229,-12.224,88.268125
141230,-12.177,88.26875
141231,-12.165,88.269375
141232,-12.154,88.27
141233,-12.107,88.270625
141234,-12.106,88.27125
141235,-12.087,88.271875
141236,-12.037,88.2725
141237,-12.003,88.273125
141238,-12.001,88.27375
141239,-12.013,88.274375
141240,-12.01,88.275
141241,-11.993,88.275625
141242,-11.985,88.27625
141243,-11.999,88.276875
141244,-11.942,88.2775
141245,-11.919,88.278125
141246,-11.929,88.27875
141247,-11.939,88.279375
141248,-11.928,88.28
141249,-11.897,88.280625
141250,-11.84,88.28125
141251,-11.908,88.281875
141252,-11.955,88.2825
141253,-11.951,88.283125
141254,-11.917,88.28375
141255,-11.952,88.284375
141256,-12.028,88.285
141257,-12.099,88.285625
141258,-12.091,88.28625
141259,-12.079,88.286875
141260,-12.099,88.2875
141261,-12.1,88.288125
141262,-12.088,88.28875
141263,-12.072,88.289375
141264,-12.116,88.29
141265,-12.167,88.290625
141266,-12.208,88.29125
141267,-12.219,88.291875
141268,-12.261,88.2925
141269,-12.287,88.293125
141270,-12.287,88.29375
141271,-12.277,88.294375
141272,-12.314,88.295
141273,-12.357,88.295625
141274,-12.3,88.29625
141275,-12.332,88.296875
141276,-12.371,88.2975
141277,-12.378,88.298125
141278,-12.365,88.29875
141279,-12.386,88.299375
141280,-12.43,88.3
141281,-12.423,88.300625
141282,-12.447,88.30125
141283,-12.464,88.301875
141284,-12.431,88.3025
141285,-12.438,88.303125
141286,-12.453,88.30375
141287,-12.468,88.304375
141288,-12.431,88.305
141289,-12.437,88.305625
141290,-12.466,88.30625
141291,-12.476,88.306875
141292,-12.421,88.3075
141293,-12.384,88.308125
141294,-12.415,88.30875
141295,-12.324,88.309375
141296,-12.269,88.31
141297,-12.249,88.310625
141298,-12.205,88.31125
141299,-12.182,88.311875
141300,-12.168,88.3125
141301,-12.155,88.313125
141302,-12.106,88.31375
141303,-12.076,88.314375
141304,-12.076,88.315
141305,-12.059,88.315625
141306,-11.997,88.31625
141307,-11.918,88.316875
141308,-11.891,88.3175
141309,-11.837,88.318125
141310,-11.769,88.31875
141311,-11.688,88.319375
141312,-11.658,88.32
141313,-11.636,88.320625
141314,-11.61,88.32125
141315,-11.505,88.321875
141316,-11.419,88.3225
141317,-11.362,88.323125
141318,-11.359,88.32375
141319,-11.259,88.324375
141320,-11.177,88.325
141321,-11.134,88.325625
141322,-10.992,88.32625
141323,-10.933,88.326875
141324,-10.919,88.3275
141325,-10.879,88.328125
141326,-10.801,88.32875
141327,-10.734,88.329375
141328,-10.704,88.33
141329,-10.667,88.330625
141330,-10.64,88.33125
141331,-10.62,88.331875
141332,-10.573,88.3325
141333,-10.453,88.333125
141334,-10.33,88.33375
141335,-10.282,88.334375
141336,-10.253,88.335
141337,-10.224,88.335625
141338,-10.193,88.33625
141339,-10.135,88.336875
141340,-10.099,88.3375
141341,-10.059,88.338125
141342,-9.954,88.33875
141343,-9.939,88.339375
141344,-9.932,88.34
141345,-9.895,88.340625
141346,-9.886,88.34125
141347,-9.862,88.341875
141348,-9.817,88.3425
141349,-9.736,88.343125
141350,-9.694,88.34375
141351,-9.66,88.344375
141352,-9.6,88.345
141353,-9.632,88.345625
141354,-9.63,88.34625
141355,-9.567,88.346875
141356,-9.574,88.3475
141357,-9.525,88.348125
141358,-9.46,88.34875
141359,-9.477,88.349375
141360,-9.397,88.35
141361,-9.336,88.350625
141362,-9.36,88.35125
141363,-9.384,88.351875
141364,-9.413,88.3525
141365,-9.442,88.353125
141366,-9.439,88.35375
141367,-9.382,88.354375
141368,-9.319,88.355
141369,-9.306,88.355625
141370,-9.324,88.35625
141371,-9.342,88.356875
141372,-9.35,88.3575
141373,-9.3,88.358125
141374,-9.298,88.35875
141375,-9.313,88.359375
141376,-9.258,88.36
141377,-9.275,88.360625
141378,-9.295,88.36125
141379,-9.285,88.361875
141380,-9.246,88.3625
141381,-9.236,88.363125
141382,-9.255,88.36375
141383,-9.285,88.364375
141384,-9.266,88.365
141385,-9.248,88.365625
141386,-9.289,88.36625
141387,-9.286,88.366875
141388,-9.308,88.3675
141389,-9.371,88.368125
141390,-9.388,88.36875
141391,-9.374,88.369375
141392,-9.35,88.37
141393,-9.363,88.370625
141394,-9.374,88.37125
141395,-9.382,88.371875
141396,-9.385,88.3725
141397,-9.357,88.373125
141398,-9.372,88.37375
141399,-9.418,88.374375
141400,-9.371,88.375
141401,-9.403,88.375625
141402,-9.443,88.37625
141403,-9.409,88.376875
141404,-9.404,88.3775
141405,-9.415,88.378125
141406,-9.438,88.37875
141407,-9.438,88.379375
141408,-9.444,88.38
141409,-9.459,88.380625
141410,-9.497,88.38125
141411,-9.489,88.381875
141412,-9.474,88.3825
141413,-9.467,88.383125
141414,-9.479,88.38375
141415,-9.477,88.384375
141416,-9.465,88.385
141417,-9.496,88.385625
141418,-9.507,88.38625
141419,-9.493,88.386875
141420,-9.432,88.3875
141421,-9.458,88.388125
141422,-9.489,88.38875
141423,-9.503,88.389375
141424,-9.432,88.39
141425,-9.446,88.390625
141426,-9.494,88.39125
141427,-9.464,88.391875
141428,-9.468,88.3925
141429,-9.47,88.393125
141430,-9.453,88.39375
141431,-9.424,88.394375
141432,-9.434,88.395
141433,-9.469,88.395625
141434,-9.398,88.39625
141435,-9.432,88.396875
141436,-9.472,88.3975
141437,-9.404,88.398125
141438,-9.386,88.39875
141439,-9.36,88.399375
141440,-9.314,88.4
141441,-9.324,88.400625
141442,-9.326,88.40125
141443,-9.326,88.401875
141444,-9.339,88.4025
141445,-9.308,88.403125
141446,-9.292,88.40375
141447,-9.326,88.404375
141448,-9.286,88.405
141449,-9.257,88.405625
141450,-9.24,88.40625
141451,-9.223,88.406875
141452,-9.225,88.4075
141453,-9.24,88.408125
141454,-9.271,88.40875
141455,-9.206,88.409375
141456,-9.157,88.41
141457,-9.151,88.410625
141458,-9.164,88.41125
141459,-9.172,88.411875
141460,-9.178,88.4125
141461,-9.195,88.413125
141462,-9.172,88.41375
141463,-9.148,88.414375
141464,-9.141,88.415
141465,-9.09,88.415625
141466,-9.073,88.41625
141467,-9.089,88.416875
141468,-9.1,88.4175
141469,-9.058,88.418125
141470,-9.023,88.41875
141471,-9.063,88.419375
141472,-9.026,88.42
141473,-8.987,88.420625
141474,-8.963,88.42125
141475,-8.933,88.421875
141476,-8.958,88.4225
141477,-9.0,88.423125
141478,-8.963,88.42375
141479,-8.881,88.424375
141480,-8.829,88.425
141481,-8.852,88.425625
141482,-8.844,88.42625
141483,-8.8,88.426875
141484,-8.737,88.4275
141485,-8.76,88.428125
141486,-8.763,88.42875
141487,-8.756,88.429375
141488,-8.749,88.43
141489,-8.743,88.430625
141490,-8.712,88.43125
141491,-8.653,88.431875
141492,-8.684,88.4325
141493,-8.64,88.433125
141494,-8.567,88.43375
141495,-8.57,88.434375
141496,-8.561,88.435
141497,-8.539,88.435625
141498,-8.502,88.43625
141499,-8.452,88.436875
141500,-8.428,88.4375
141501,-8.433,88.438125
141502,-8.484,88.43875
141503,-8.49,88.439375
141504,-8.475,88.44
141505,-8.454,88.440625
141506,-8.402,88.44125
141507,-8.363,88.441875
141508,-8.346,88.4425
141509,-8.336,88.443125
141510,-8.35,88.44375
141511,-8.373,88.444375
141512,-8.363,88.445
141513,-8.319,88.445625
141514,-8.28,88.44625
141515,-8.27,88.446875
141516,-8.266,88.4475
141517,-8.279,88.448125
141518,-8.299,88.44875
141519,-8.266,88.449375
141520,-8.246,88.45
141521,-8.232,88.450625
141522,-8.219,88.45125
141523,-8.185,88.451875
141524,-8.163,88.4525
141525,-8.159,88.453125
141526,-8.118,88.45375
141527,-8.1,88.454375
141528,-8.093,88.455
141529,-8.069,88.455625
141530,-8.048,88.45625
141531,-8.049,88.456875
141532,-8.09,88.4575
141533,-8.099,88.458125
141534,-8.042,88.45875
141535,-7.946,88.459375
141536,-8.01,88.46
141537,-8.028,88.460625
141538,-8.025,88.46125
141539,-8.025,88.461875
141540,-8.04,88.4625
141541,-8.039,88.463125
141542,-8.016,88.46375
141543,-8.019,88.464375
141544,-7.982,88.465
141545,-7.939,88.465625
141546,-7.986,88.46625
141547,-8.02,88.466875
141548,-8.035,88.4675
141549,-8.021,88.468125
141550,-8.021,88.46875
141551,-8.04,88.469375
141552,-8.075,88.47
141553,-8.096,88.470625
141554,-8.072,88.47125
141555,-8.049,88.471875
141556,-8.083,88.4725
141557,-8.111,88.473125
141558,-8.107,88.47375
141559,-8.066,88.474375
141560,-8.153,88.475
141561,-8.164,88.475625
141562,-8.138,88.47625
141563,-8.175,88.476875
141564,-8.155,88.4775
141565,-8.152,88.478125
141566,-8.213,88.47875
141567,-8.172,88.479375
141568,-8.159,88.48
141569,-8.182,88.480625
141570,-8.256,88.48125
141571,-8.254,88.481875
141572,-8.229,88.4825
141573,-8.239,88.483125
141574,-8.278,88.48375
141575,-8.3,88.484375
141576,-8.293,88.485
141577,-8.283,88.485625
141578,-8.308,88.48625
141579,-8.351,88.486875
141580,-8.374,88.4875
141581,-8.364,88.488125
141582,-8.368,88.48875
141583,-8.415,88.489375
141584,-8.418,88.49
141585,-8.399,88.490625
141586,-8.37,88.49125
141587,-8.418,88.491875
141588,-8.453,88.4925
141589,-8.475,88.493125
141590,-8.475,88.49375
141591,-8.481,88.494375
141592,-8.473,88.495
141593,-8.447,88.495625
141594,-8.471,88.49625
141595,-8.49,88.496875
141596,-8.505,88.4975
141597,-8.512,88.498125
141598,-8.542,88.49875
141599,-8.556,88.499375
141600,-8.525,88.5
141601,-8.625,88.500625
141602,-8.668,88.50125
141603,-8.657,88.501875
141604,-8.701,88.5025
141605,-8.666,88.503125
141606,-8.629,88.50375
141607,-8.683,88.504375
141608,-8.737,88.505
141609,-8.753,88.505625
141610,-8.722,88.50625
141611,-8.809,88.506875
141612,-8.822,88.5075
141613,-8.793,88.508125
141614,-8.8,88.50875
141615,-8.806,88.509375
141616,-8.831,88.51
141617,-8.888,88.510625
141618,-8.917,88.51125
141619,-8.915,88.511875
141620,-8.893,88.5125
141621,-8.943,88.513125
141622,-8.985,88.51375
141623,-8.996,88.514375
141624,-8.939,88.515
141625,-8.985,88.515625
141626,-9.026,88.51625
141627,-9.036,88.516875
141628,-9.05,88.5175
141629,-9.077,88.518125
141630,-9.095,88.51875
141631,-9.027,88.519375
141632,-9.069,88.52
141633,-9.13,88.520625
141634,-9.167,88.52125
141635,-9.179,88.521875
141636,-9.198,88.5225
141637,-9.224,88.523125
141638,-9.241,88.52375
141639,-9.242,88.524375
141640,-9.238,88.525
141641,-9.241,88.525625
141642,-9.207,88.52625
141643,-9.22,88.526875
141644,-9.3,88.5275
141645,-9.33,88.528125
141646,-9.324,88.52875
141647,-9.312,88.529375
141648,-9.383,88.53
141649,-9.397,88.530625
141650,-9.381,88.53125
141651,-9.34,88.531875
141652,-9.423,88.5325
141653,-9.47,88.533125
141654,-9.478,88.53375
141655,-9.499,88.534375
141656,-9.514,88.535
141657,-9.529,88.535625
141658,-9.546,88.53625
141659,-9.542,88.536875
141660,-9.558,88.5375
141661,-9.6,88.538125
141662,-9.587,88.53875
141663,-9.604,88.539375
141664,-9.634,88.54
141665,-9.634,88.540625
141666,-9.637,88.54125
141667,-9.657,88.541875
141668,-9.708,88.5425
141669,-9.648,88.543125
141670,-9.638,88.54375
141671,-9.684,88.544375
141672,-9.744,88.545
141673,-9.771,88.545625
141674,-9.77,88.54625
141675,-9.739,88.546875
141676,-9.729,88.5475
141677,-9.756,88.548125
141678,-9.824,88.54875
141679,-9.743,88.549375
141680,-9.715,88.55
141681,-9.729,88.550625
141682,-9.773,88.55125
141683,-9.791,88.551875
141684,-9.774,88.5525
141685,-9.71,88.553125
141686,-9.744,88.55375
141687,-9.75,88.554375
141688,-9.723,88.555
141689,-9.699,88.555625
141690,-9.752,88.55625
141691,-9.809,88.556875
141692,-9.782,88.5575
141693,-9.772,88.558125
141694,-9.755,88.55875
141695,-9.725,88.559375
141696,-9.736,88.56
141697,-9.736,88.560625
141698,-9.731,88.56125
141699,-9.734,88.561875
141700,-9.73,88.5625
141701,-9.728,88.563125
141702,-9.734,88.56375
141703,-9.744,88.564375
141704,-9.754,88.565
141705,-9.767,88.565625
141706,-9.801,88.56625
141707,-9.798,88.566875
141708,-9.777,88.5675
141709,-9.757,88.568125
141710,-9.78,88.56875
141711,-9.794,88.569375
141712,-9.788,88.57
141713,-9.801,88.570625
141714,-9.813,88.57125
141715,-9.826,88.571875
141716,-9.853,88.5725
141717,-9.865,88.573125
141718,-9.847,88.57375
141719,-9.787,88.574375
141720,-9.783,88.575
141721,-9.788,88.575625
141722,-9.795,88.57625
141723,-9.778,88.576875
141724,-9.768,88.5775
141725,-9.778,88.578125
141726,-9.832,88.57875
141727,-9.774,88.579375
141728,-9.743,88.58
141729,-9.774,88.580625
141730,-9.797,88.58125
141731,-9.803,88.581875
141732,-9.803,88.5825
141733,-9.837,88.583125
141734,-9.816,88.58375
141735,-9.79,88.584375
141736,-9.783,88.585
141737,-9.773,88.585625
141738,-9.767,88.58625
141739,-9.764,88.586875
141740,-9.771,88.5875
141741,-9.731,88.588125
141742,-9.696,88.58875
141743,-9.73,88.589375
141744,-9.772,88.59
141745,-9.775,88.590625
141746,-9.725,88.59125
141747,-9.725,88.591875
141748,-9.719,88.5925
141749,-9.713,88.593125
141750,-9.727,88.59375
141751,-9.73,88.594375
141752,-9.731,88.595
141753,-9.735,88.595625
141754,-9.744,88.59625
141755,-9.74,88.596875
141756,-9.725,88.5975
141757,-9.718,88.598125
141758,-9.704,88.59875
141759,-9.697,88.599375
141760,-9.718,88.6
141761,-9.729,88.600625
141762,-9.714,88.60125
141763,-9.667,88.601875
141764,-9.619,88.6025
141765,-9.599,88.603125
141766,-9.602,88.60375
141767,-9.632,88.604375
141768,-9.634,88.605
141769,-9.631,88.605625
141770,-9.634,88.60625
141771,-9.618,88.606875
141772,-9.596,88.6075
141773,-9.57,88.608125
141774,-9.546,88.60875
141775,-9.548,88.609375
141776,-9.552,88.61
141777,-9.532,88.610625
141778,-9.509,88.61125
141779,-9.512,88.611875
141780,-9.548,88.6125
141781,-9.531,88.613125
141782,-9.528,88.61375
141783,-9.539,88.614375
141784,-9.566,88.615
141785,-9.562,88.615625
141786,-9.536,88.61625
141787,-9.489,88.616875
141788,-9.502,88.6175
141789,-9.504,88.618125
141790,-9.499,88.61875
141791,-9.537,88.619375
141792,-9.534,88.62
141793,-9.529,88.620625
141794,-9.567,88.62125
141795,-9.555,88.621875
141796,-9.543,88.6225
141797,-9.543,88.623125
141798,-9.533,88.62375
141799,-9.568,88.624375
141800,-9.61,88.625
141801,-9.56,88.625625
141802,-9.577,88.62625
141803,-9.571,88.626875
141804,-9.486,88.6275
141805,-9.551,88.628125
141806,-9.574,88.62875
141807,-9.561,88.629375
141808,-9.639,88.63
141809,-9.656,88.630625
141810,-9.646,88.63125
141811,-9.636,88.631875
141812,-9.608,88.6325
141813,-9.593,88.633125
141814,-9.597,88.63375
141815,-9.627,88.634375
141816,-9.639,88.635
141817,-9.636,88.635625
141818,-9.623,88.63625
141819,-9.607,88.636875
141820,-9.598,88.6375
141821,-9.605,88.638125
141822,-9.602,88.63875
141823,-9.581,88.639375
141824,-9.549,88.64
141825,-9.559,88.640625
141826,-9.555,88.64125
141827,-9.554,88.641875
141828,-9.574,88.6425
141829,-9.585,88.643125
141830,-9.573,88.64375
141831,-9.533,88.644375
141832,-9.506,88.645
141833,-9.481,88.645625
141834,-9.472,88.64625
141835,-9.522,88.646875
141836,-9.489,88.6475
141837,-9.458,88.648125
141838,-9.475,88.64875
141839,-9.479,88.649375
141840,-9.453,88.65
141841,-9.415,88.650625
141842,-9.509,88.65125
141843,-9.494,88.651875
141844,-9.449,88.6525
141845,-9.456,88.653125
141846,-9.457,88.65375
141847,-9.444,88.654375
141848,-9.415,88.655
141849,-9.466,88.655625
141850,-9.492,88.65625
141851,-9.508,88.656875
141852,-9.549,88.6575
141853,-9.521,88.658125
141854,-9.488,88.65875
141855,-9.481,88.659375
141856,-9.503,88.66
141857,-9.523,88.660625
141858,-9.54,88.66125
141859,-9.553,88.661875
141860,-9.537,88.6625
141861,-9.502,88.663125
141862,-9.454,88.66375
141863,-9.511,88.664375
141864,-9.545,88.665
141865,-9.528,88.665625
141866,-9.498,88.66625
141867,-9.519,88.666875
141868,-9.555,88.6675
141869,-9.518,88.668125
141870,-9.512,88.66875
141871,-9.525,88.669375
141872,-9.556,88.67
141873,-9.564,88.670625
141874,-9.56,88.67125
141875,-9.548,88.671875
141876,-9.544,88.6725
141877,-9.525,88.673125
141878,-9.488,88.67375
141879,-9.427,88.674375
141880,-9.5,88.675
141881,-9.532,88.675625
141882,-9.486,88.67625
141883,-9.489,88.676875
141884,-9.48,88.6775
141885,-9.469,88.678125
141886,-9.483,88.67875
141887,-9.483,88.679375
141888,-9.493,88.68
141889,-9.527,88.680625
141890,-9.523,88.68125
141891,-9.502,88.681875
141892,-9.475,88.6825
141893,-9.509,88.683125
141894,-9.494,88.68375
141895,-9.457,88.684375
141896,-9.424,88.685
141897,-9.448,88.685625
141898,-9.474,88.68625
141899,-9.49,88.686875
141900,-9.463,88.6875
141901,-9.448,88.688125
141902,-9.444,88.68875
141903,-9.451,88.689375
141904,-9.452,88.69
141905,-9.449,88.690625
141906,-9.439,88.69125
141907,-9.47,88.691875
141908,-9.468,88.6925
141909,-9.436,88.693125
141910,-9.415,88.69375
141911,-9.43,88.694375
141912,-9.453,88.695
141913,-9.457,88.695625
141914,-9.451,88.69625
141915,-9.439,88.696875
141916,-9.419,88.6975
141917,-9.408,88.698125
141918,-9.421,88.69875
141919,-9.44,88.699375
141920,-9.427,88.7
141921,-9.45,88.700625
141922,-9.491,88.70125
141923,-9.545,88.701875
141924,-9.539,88.7025
141925,-9.532,88.703125
141926,-9.537,88.70375
141927,-9.611,88.704375
141928,-9.627,88.705
141929,-9.631,88.705625
141930,-9.672,88.70625
141931,-9.648,88.706875
141932,-9.67,88.7075
141933,-9.759,88.708125
141934,-9.766,88.70875
141935,-9.737,88.709375
141936,-9.695,88.71
141937,-9.688,88.710625
141938,-9.755,88.71125
141939,-9.811,88.711875
141940,-9.811,88.7125
141941,-9.84,88.713125
141942,-9.862,88.71375
141943,-9.873,88.714375
141944,-9.866,88.715
141945,-9.864,88.715625
141946,-9.868,88.71625
141947,-9.881,88.716875
141948,-9.895,88.7175
141949,-9.905,88.718125
141950,-9.913,88.71875
141951,-9.964,88.719375
141952,-9.969,88.72
141953,-9.942,88.720625
141954,-9.898,88.72125
141955,-9.925,88.721875
141956,-9.943,88.7225
141957,-9.909,88.723125
141958,-9.869,88.72375
141959,-9.844,88.724375
141960,-9.835,88.725
141961,-9.835,88.725625
141962,-9.849,88.72625
141963,-9.85,88.726875
141964,-9.799,88.7275
141965,-9.798,88.728125
141966,-9.794,88.72875
141967,-9.779,88.729375
141968,-9.813,88.73
141969,-9.795,88.730625
141970,-9.757,88.73125
141971,-9.774,88.731875
141972,-9.728,88.7325
141973,-9.702,88.733125
141974,-9.742,88.73375
141975,-9.697,88.734375
141976,-9.657,88.735
141977,-9.638,88.735625
141978,-9.712,88.73625
141979,-9.704,88.736875
141980,-9.674,88.7375
141981,-9.677,88.738125
141982,-9.715,88.73875
141983,-9.719,88.739375
141984,-9.673,88.74
141985,-9.676,88.740625
141986,-9.665,88.74125
141987,-9.651,88.741875
141988,-9.665,88.7425
141989,-9.663,88.743125
141990,-9.677,88.74375
141991,-9.727,88.744375
141992,-9.653,88.745
141993,-9.612,88.745625
141994,-9.603,88.74625
141995,-9.579,88.746875
141996,-9.6,88.7475
141997,-9.637,88.748125
141998,-9.664,88.74875
141999,-9.621,88.749375
142000,-9.582,88.75
142001,-9.563,88.750625
142002,-9.573,88.75125
142003,-9.552,88.751875
142004,-9.523,88.7525
142005,-9.544,88.753125
142006,-9.509,88.75375
142007,-9.468,88.754375
142008,-9.444,88.755
142009,-9.43,88.755625
142010,-9.429,88.75625
142011,-9.435,88.756875
142012,-9.408,88.7575
142013,-9.404,88.758125
142014,-9.409,88.75875
142015,-9.409,88.759375
142016,-9.374,88.76
142017,-9.347,88.760625
142018,-9.337,88.76125
142019,-9.32,88.761875
142020,-9.301,88.7625
142021,-9.283,88.763125
142022,-9.273,88.76375
142023,-9.202,88.764375
142024,-9.162,88.765
142025,-9.206,88.765625
142026,-9.186,88.76625
142027,-9.167,88.766875
142028,-9.155,88.7675
142029,-9.152,88.768125
142030,-9.16,88.76875
142031,-9.147,88.769375
142032,-9.066,88.77
142033,-9.032,88.770625
142034,-9.02,88.77125
142035,-9.024,88.771875
142036,-8.939,88.7725
142037,-8.894,88.773125
142038,-8.889,88.77375
142039,-8.946,88.774375
142040,-8.954,88.775
142041,-8.942,88.775625
142042,-8.922,88.77625
142043,-8.85,88.776875
142044,-8.817,88.7775
142045,-8.821,88.778125
142046,-8.824,88.77875
142047,-8.844,88.779375
142048,-8.854,88.78
142049,-8.82,88.780625
142050,-8.836,88.78125
142051,-8.822,88.781875
142052,-8.764,88.7825
142053,-8.808,88.783125
142054,-8.835,88.78375
142055,-8.836,88.784375
142056,-8.772,88.785
142057,-8.74,88.785625
142058,-8.747,88.78625
142059,-8.807,88.786875
142060,-8.731,88.7875
142061,-8.687,88.788125
142062,-8.682,88.78875
142063,-8.689,88.789375
142064,-8.719,88.79
142065,-8.741,88.790625
142066,-8.714,88.79125
142067,-8.704,88.791875
142068,-8.708,88.7925
142069,-8.724,88.793125
142070,-8.721,88.79375
142071,-8.709,88.794375
142072,-8.69,88.795
142073,-8.663,88.795625
142074,-8.679,88.79625
142075,-8.692,88.796875
142076,-8.682,88.7975
142077,-8.691,88.798125
142078,-8.676,88.79875
142079,-8.648,88.799375
142080,-8.696,88.8
142081,-8.701,88.800625
142082,-8.715,88.80125
142083,-8.799,88.801875
142084,-8.817,88.8025
142085,-8.804,88.803125
142086,-8.766,88.80375
142087,-8.712,88.804375
142088,-8.724,88.805
142089,-8.773,88.805625
142090,-8.8,88.80625
142091,-8.809,88.806875
142092,-8.802,88.8075
142093,-8.778,88.808125
142094,-8.806,88.80875
142095,-8.817,88.809375
142096,-8.813,88.81
142097,-8.83,88.810625
142098,-8.858,88.81125
142099,-8.88,88.811875
142100,-8.869,88.8125
142101,-8.883,88.813125
142102,-8.9,88.81375
142103,-8.916,88.814375
142104,-8.926,88.815
142105,-8.937,88.815625
142106,-8.946,88.81625
142107,-8.953,88.816875
142108,-8.999,88.8175
142109,-9.038,88.818125
142110,-9.045,88.81875
142111,-9.077,88.819375
142112,-9.102,88.82
142113,-9.115,88.820625
142114,-9.098,88.82125
142115,-9.145,88.821875
142116,-9.196,88.8225
142117,-9.186,88.823125
142118,-9.234,88.82375
142119,-9.261,88.824375
142120,-9.253,88.825
142121,-9.317,88.825625
142122,-9.361,88.82625
142123,-9.394,88.826875
142124,-9.438,88.8275
142125,-9.453,88.828125
142126,-9.457,88.82875
142127,-9.457,88.829375
142128,-9.566,88.83
142129,-9.604,88.830625
142130,-9.583,88.83125
142131,-9.641,88.831875
142132,-9.687,88.8325
142133,-9.707,88.833125
142134,-9.677,88.83375
142135,-9.696,88.834375
142136,-9.731,88.835
142137,-9.772,88.835625
142138,-9.745,88.83625
142139,-9.774,88.836875
142140,-9.833,88.8375
142141,-9.87,88.838125
142142,-9.942,88.83875
142143,-9.983,88.839375
142144,-9.956,88.84
142145,-10.01,88.840625
142146,-10.008,88.84125
142147,-9.965,88.841875
142148,-10.005,88.8425
142149,-10.079,88.843125
142150,-10.135,88.84375
142151,-10.111,88.844375
142152,-10.105,88.845
142153,-10.117,88.845625
142154,-10.148,88.84625
142155,-10.178,88.846875
142156,-10.225,88.8475
142157,-10.272,88.848125
142158,-10.279,88.84875
142159,-10.286,88.849375
142160,-10.296,88.85
142161,-10.313,88.850625
142162,-10.337,88.85125
142163,-10.341,88.851875
142164,-10.329,88.8525
142165,-10.336,88.853125
142166,-10.352,88.85375
142167,-10.369,88.854375
142168,-10.376,88.855
142169,-10.362,88.855625
142170,-10.383,88.85625
142171,-10.447,88.856875
142172,-10.41,88.8575
142173,-10.398,88.858125
142174,-10.398,88.85875
142175,-10.388,88.859375
142176,-10.373,88.86
142177,-10.387,88.860625
142178,-10.455,88.86125
142179,-10.455,88.861875
142180,-10.428,88.8625
142181,-10.389,88.863125
142182,-10.416,88.86375
142183,-10.42,88.864375
142184,-10.394,88.865
142185,-10.319,88.865625
142186,-10.295,88.86625
142187,-10.289,88.866875
142188,-10.297,88.8675
142189,-10.344,88.868125
142190,-10.337,88.86875
142191,-10.305,88.869375
142192,-10.305,88.87
142193,-10.204,88.870625
142194,-10.136,88.87125
142195,-10.174,88.871875
142196,-10.188,88.8725
142197,-10.184,88.873125
142198,-10.165,88.87375
142199,-10.162,88.874375
142200,-10.192,88.875
142201,-10.221,88.875625
142202,-10.215,88.87625
142203,-10.146,88.876875
142204,-10.097,88.8775
142205,-10.084,88.878125
142206,-10.081,88.87875
142207,-10.063,88.879375
142208,-10.05,88.88
142209,-10.094,88.880625
142210,-10.088,88.88125
142211,-10.059,88.881875
142212,-10.015,88.8825
142213,-10.064,88.883125
142214,-10.06,88.88375
142215,-10.021,88.884375
142216,-10.096,88.885
142217,-10.049,88.885625
142218,-9.985,88.88625
142219,-10.005,88.886875
142220,-9.981,88.8875
142221,-9.985,88.888125
142222,-10.026,88.88875
142223,-9.999,88.889375
142224,-10.016,88.89
142225,-10.049,88.890625
142226,-10.043,88.89125
142227,-10.044,88.891875
142228,-10.044,88.8925
142229,-10.037,88.893125
142230,-10.072,88.89375
142231,-10.093,88.894375
142232,-10.1,88.895
142233,-10.106,88.895625
142234,-10.08,88.89625
142235,-10.059,88.896875
142236,-10.086,88.8975
142237,-10.107,88.898125
142238,-10.107,88.89875
142239,-10.086,88.899375
142240,-10.126,88.9
142241,-10.165,88.900625
142242,-10.183,88.90125
142243,-10.125,88.901875
142244,-10.102,88.9025
142245,-10.09,88.903125
142246,-10.08,88.90375
142247,-10.17,88.904375
142248,-10.17,88.905
142249,-10.096,88.905625
142250,-10.076,88.90625
142251,-10.129,88.906875
142252,-10.18,88.9075
142253,-10.146,88.908125
142254,-10.148,88.90875
142255,-10.148,88.909375
142256,-10.142,88.91
142257,-10.138,88.910625
142258,-10.137,88.91125
142259,-10.146,88.911875
142260,-10.19,88.9125
142261,-10.199,88.913125
142262,-10.196,88.91375
142263,-10.185,88.914375
142264,-10.172,88.915
142265,-10.169,88.915625
142266,-10.176,88.91625
142267,-10.179,88.916875
142268,-10.221,88.9175
142269,-10.243,88.918125
142270,-10.179,88.91875
142271,-10.153,88.919375
142272,-10.136,88.92
142273,-10.121,88.920625
142274,-10.07,88.92125
142275,-10.082,88.921875
142276,-10.127,88.9225
142277,-10.147,88.923125
142278,-10.138,88.92375
142279,-10.127,88.924375
142280,-10.127,88.925
142281,-10.082,88.925625
142282,-10.075,88.92625
142283,-10.093,88.926875
142284,-10.046,88.9275
142285,-10.051,88.928125
142286,-10.058,88.92875
142287,-10.018,88.929375
142288,-9.974,88.93
142289,-9.966,88.930625
142290,-9.994,88.93125
142291,-9.89,88.931875
142292,-9.854,88.9325
142293,-9.856,88.933125
142294,-9.839,88.93375
142295,-9.814,88.934375
142296,-9.782,88.935
142297,-9.741,88.935625
142298,-9.685,88.93625
142299,-9.667,88.936875
142300,-9.68,88.9375
142301,-9.663,88.938125
142302,-9.63,88.93875
142303,-9.609,88.939375
142304,-9.636,88.94
142305,-9.554,88.940625
142306,-9.519,88.94125
142307,-9.554,88.941875
142308,-9.47,88.9425
142309,-9.463,88.943125
142310,-9.475,88.94375
142311,-9.377,88.944375
142312,-9.306,88.945
142313,-9.267,88.945625
142314,-9.27,88.94625
142315,-9.245,88.946875
142316,-9.221,88.9475
142317,-9.196,88.948125
142318,-9.135,88.94875
142319,-9.046,88.949375
142320,-8.967,88.95
142321,-8.943,88.950625
142322,-8.958,88.95125
142323,-8.924,88.951875
142324,-8.831,88.9525
142325,-8.854,88.953125
142326,-8.832,88.95375
142327,-8.774,88.954375
142328,-8.686,88.955
142329,-8.646,88.955625
142330,-8.61,88.95625
142331,-8.559,88.956875
142332,-8.528,88.9575
142333,-8.496,88.958125
142334,-8.461,88.95875
142335,-8.417,88.959375
142336,-8.387,88.96
142337,-8.36,88.960625
142338,-8.327,88.96125
142339,-8.308,88.961875
142340,-8.251,88.9625
142341,-8.151,88.963125
142342,-8.178,88.96375
142343,-8.146,88.964375
142344,-8.096,88.965
142345,-8.113,88.965625
142346,-8.066,88.96625
142347,-8.009,88.966875
142348,-7.965,88.9675
142349,-7.944,88.968125
142350,-7.92,88.96875
142351,-7.891,88.969375
142352,-7.851,88.97
142353,-7.827,88.970625
142354,-7.819,88.97125
142355,-7.832,88.971875
142356,-7.807,88.9725
142357,-7.766,88.973125
142358,-7.716,88.97375
142359,-7.767,88.974375
142360,-7.771,88.975
142361,-7.748,88.975625
142362,-7.724,88.97625
142363,-7.738,88.976875
142364,-7.727,88.9775
142365,-7.66,88.978125
142366,-7.705,88.97875
142367,-7.718,88.979375
142368,-7.695,88.98
142369,-7.654,88.980625
142370,-7.642,88.98125
142371,-7.657,88.981875
142372,-7.708,88.9825
142373,-7.693,88.983125
142374,-7.704,88.98375
142375,-7.75,88.984375
142376,-7.693,88.985
142377,-7.703,88.985625
142378,-7.739,88.98625
142379,-7.722,88.986875
142380,-7.727,88.9875
142381,-7.735,88.988125
142382,-7.738,88.98875
142383,-7.787,88.989375
142384,-7.777,88.99
142385,-7.727,88.990625
142386,-7.754,88.99125
142387,-7.755,88.991875
142388,-7.748,88.9925
142389,-7.748,88.993125
142390,-7.692,88.99375
142391,-7.695,88.994375
142392,-7.775,88.995
142393,-7.738,88.995625
142394,-7.734,88.99625
142395,-7.757,88.996875
142396,-7.805,88.9975
142397,-7.78,88.998125
142398,-7.76,88.99875
142399,-7.78,88.999375
142400,-7.794,89.0
142401,-7.786,89.000625
142402,-7.765,89.00125
142403,-7.785,89.001875
142404,-7.81,89.0025
142405,-7.826,89.003125
142406,-7.816,89.00375
142407,-7.809,89.004375
142408,-7.819,89.005
142409,-7.846,89.005625
142410,-7.799,89.00625
142411,-7.804,89.006875
142412,-7.837,89.0075
142413,-7.85,89.008125
142414,-7.864,89.00875
142415,-7.882,89.009375
142416,-7.909,89.01
142417,-7.849,89.010625
142418,-7.851,89.01125
142419,-7.905,89.011875
142420,-7.943,89.0125
142421,-7.932,89.013125
142422,-7.921,89.01375
142423,-7.958,89.014375
142424,-7.981,89.015
142425,-7.981,89.015625
142426,-7.96,89.01625
142427,-8.011,89.016875
142428,-7.988,89.0175
142429,-7.945,89.018125
142430,-7.996,89.01875
142431,-8.025,89.019375
142432,-8.033,89.02
142433,-8.017,89.020625
142434,-8.022,89.02125
142435,-8.024,89.021875
142436,-8.033,89.0225
142437,-8.135,89.023125
142438,-8.112,89.02375
142439,-8.062,89.024375
142440,-8.072,89.025
142441,-8.058,89.025625
142442,-8.094,89.02625
142443,-8.188,89.026875
142444,-8.181,89.0275
142445,-8.16,89.028125
142446,-8.155,89.02875
142447,-8.25,89.029375
142448,-8.296,89.03
142449,-8.324,89.030625
142450,-8.341,89.03125
142451,-8.354,89.031875
142452,-8.364,89.0325
142453,-8.374,89.033125
142454,-8.408,89.03375
142455,-8.444,89.034375
142456,-8.457,89.035
142457,-8.41,89.035625
142458,-8.484,89.03625
142459,-8.533,89.036875
142460,-8.533,89.0375
142461,-8.529,89.038125
142462,-8.583,89.03875
142463,-8.64,89.039375
142464,-8.579,89.04
142465,-8.655,89.040625
142466,-8.731,89.04125
142467,-8.748,89.041875
142468,-8.697,89.0425
142469,-8.696,89.043125
142470,-8.735,89.04375
142471,-8.745,89.044375
142472,-8.758,89.045
142473,-8.755,89.045625
142474,-8.711,89.04625
142475,-8.72,89.046875
142476,-8.765,89.0475
142477,-8.837,89.048125
142478,-8.787,89.04875
142479,-8.765,89.049375
142480,-8.761,89.05
142481,-8.755,89.050625
142482,-8.804,89.05125
142483,-8.825,89.051875
142484,-8.774,89.0525
142485,-8.779,89.053125
142486,-8.756,89.05375
142487,-8.713,89.054375
142488,-8.7,89.055
142489,-8.674,89.055625
142490,-8.675,89.05625
142491,-8.753,89.056875
142492,-8.721,89.0575
142493,-8.697,89.058125
142494,-8.699,89.05875
142495,-8.655,89.059375
142496,-8.643,89.06
142497,-8.646,89.060625
142498,-8.636,89.06125
142499,-8.625,89.061875
142500,-8.566,89.0625
142501,-8.424,89.063125
142502,-8.47,89.06375
142503,-8.498,89.064375
142504,-8.497,89.065
142505,-8.443,89.065625
142506,-8.418,89.06625
142507,-8.411,89.066875
142508,-8.422,89.0675
142509,-8.39,89.068125
142510,-8.331,89.06875
142511,-8.249,89.069375
142512,-8.208,89.07
142513,-8.187,89.070625
142514,-8.181,89.07125
142515,-8.195,89.071875
142516,-8.131,89.0725
142517,-8.077,89.073125
142518,-8.073,89.07375
142519,-8.044,89.074375
142520,-7.986,89.075
142521,-7.913,89.075625
142522,-7.892,89.07625
142523,-7.899,89.076875
142524,-7.912,89.0775
142525,-7.919,89.078125
142526,-7.908,89.07875
142527,-7.89,89.079375
142528,-7.864,89.08
142529,-7.786,89.080625
142530,-7.747,89.08125
142531,-7.729,89.081875
142532,-7.709,89.0825
142533,-7.672,89.083125
142534,-7.662,89.08375
142535,-7.703,89.084375
142536,-7.607,89.085
142537,-7.563,89.085625
142538,-7.569,89.08625
142539,-7.596,89.086875
142540,-7.63,89.0875
142541,-7.636,89.088125
142542,-7.565,89.08875
142543,-7.577,89.089375
142544,-7.554,89.09
142545,-7.478,89.090625
142546,-7.434,89.09125
142547,-7.458,89.091875
142548,-7.517,89.0925
142549,-7.557,89.093125
142550,-7.531,89.09375
142551,-7.506,89.094375
142552,-7.513,89.095
142553,-7.51,89.095625
142554,-7.525,89.09625
142555,-7.55,89.096875
142556,-7.544,89.0975
142557,-7.494,89.098125
142558,-7.458,89.09875
142559,-7.498,89.099375
142560,-7.551,89.1
142561,-7.582,89.100625
142562,-7.584,89.10125
142563,-7.56,89.101875
142564,-7.551,89.1025
142565,-7.56,89.103125
142566,-7.6,89.10375
142567,-7.595,89.104375
142568,-7.589,89.105
142569,-7.599,89.105625
142570,-7.654,89.10625
142571,-7.662,89.106875
142572,-7.631,89.1075
142573,-7.614,89.108125
142574,-7.604,89.10875
142575,-7.621,89.109375
142576,-7.696,89.11
142577,-7.705,89.110625
142578,-7.678,89.11125
142579,-7.626,89.111875
142580,-7.683,89.1125
142581,-7.7,89.113125
142582,-7.694,89.11375
142583,-7.687,89.114375
142584,-7.683,89.115
142585,-7.684,89.115625
142586,-7.695,89.11625
142587,-7.698,89.116875
142588,-7.716,89.1175
142589,-7.741,89.118125
142590,-7.728,89.11875
142591,-7.745,89.119375
142592,-7.757,89.12
142593,-7.723,89.120625
142594,-7.716,89.12125
142595,-7.725,89.121875
142596,-7.744,89.1225
142597,-7.673,89.123125
142598,-7.69,89.12375
142599,-7.731,89.124375
142600,-7.677,89.125
142601,-7.674,89.125625
142602,-7.707,89.12625
142603,-7.778,89.126875
142604,-7.71,89.1275
142605,-7.678,89.128125
142606,-7.678,89.12875
142607,-7.658,89.129375
142608,-7.654,89.13
142609,-7.644,89.130625
142610,-7.6,89.13125
142611,-7.565,89.131875
142612,-7.557,89.1325
142613,-7.579,89.133125
142614,-7.555,89.13375
142615,-7.523,89.134375
142616,-7.501,89.135
142617,-7.535,89.135625
142618,-7.528,89.13625
142619,-7.523,89.136875
142620,-7.536,89.1375
142621,-7.514,89.138125
142622,-7.478,89.13875
142623,-7.433,89.139375
142624,-7.41,89.14
142625,-7.432,89.140625
142626,-7.478,89.14125
142627,-7.539,89.141875
142628,-7.517,89.1425
142629,-7.46,89.143125
142630,-7.381,89.14375
142631,-7.418,89.144375
142632,-7.425,89.145
142633,-7.42,89.145625
142634,-7.434,89.14625
142635,-7.431,89.146875
142636,-7.433,89.1475
142637,-7.45,89.148125
142638,-7.438,89.14875
142639,-7.424,89.149375
142640,-7.416,89.15
142641,-7.443,89.150625
142642,-7.463,89.15125
142643,-7.458,89.151875
142644,-7.4,89.1525
142645,-7.39,89.153125
142646,-7.421,89.15375
142647,-7.489,89.154375
142648,-7.489,89.155
142649,-7.498,89.155625
142650,-7.5,89.15625
142651,-7.463,89.156875
142652,-7.48,89.1575
142653,-7.515,89.158125
142654,-7.559,89.15875
142655,-7.535,89.159375
142656,-7.524,89.16
142657,-7.529,89.160625
142658,-7.539,89.16125
142659,-7.508,89.161875
142660,-7.496,89.1625
142661,-7.567,89.163125
142662,-7.575,89.16375
142663,-7.564,89.164375
142664,-7.542,89.165
142665,-7.559,89.165625
142666,-7.564,89.16625
142667,-7.585,89.166875
142668,-7.7,89.1675
142669,-7.678,89.168125
142670,-7.641,89.16875
142671,-7.638,89.169375
142672,-7.65,89.17
142673,-7.668,89.170625
142674,-7.682,89.17125
142675,-7.659,89.171875
142676,-7.683,89.1725
142677,-7.715,89.173125
142678,-7.718,89.17375
142679,-7.737,89.174375
142680,-7.726,89.175
142681,-7.685,89.175625
142682,-7.793,89.17625
142683,-7.798,89.176875
142684,-7.752,89.1775
142685,-7.748,89.178125
142686,-7.799,89.17875
142687,-7.834,89.179375
142688,-7.82,89.18
142689,-7.836,89.180625
142690,-7.875,89.18125
142691,-7.92,89.181875
142692,-7.883,89.1825
142693,-7.896,89.183125
142694,-7.892,89.18375
142695,-7.798,89.184375
142696,-7.824,89.185
142697,-7.851,89.185625
142698,-7.858,89.18625
142699,-7.854,89.186875
142700,-7.861,89.1875
142701,-7.866,89.188125
142702,-7.835,89.18875
142703,-7.8,89.189375
142704,-7.792,89.19
142705,-7.832,89.190625
142706,-7.811,89.19125
142707,-7.793,89.191875
142708,-7.774,89.1925
142709,-7.72,89.193125
142710,-7.733,89.19375
142711,-7.749,89.194375
142712,-7.705,89.195
142713,-7.706,89.195625
142714,-7.688,89.19625
142715,-7.643,89.196875
142716,-7.649,89.1975
142717,-7.627,89.198125
142718,-7.58,89.19875
142719,-7.513,89.199375
142720,-7.507,89.2
142721,-7.498,89.200625
142722,-7.457,89.20125
142723,-7.43,89.201875
142724,-7.384,89.2025
142725,-7.326,89.203125
142726,-7.285,89.20375
142727,-7.29,89.204375
142728,-7.291,89.205
142729,-7.237,89.205625
142730,-7.151,89.20625
142731,-7.101,89.206875
142732,-7.101,89.2075
142733,-7.101,89.208125
142734,-7.017,89.20875
142735,-6.907,89.209375
142736,-6.893,89.21
142737,-6.84,89.210625
142738,-6.793,89.21125
142739,-6.776,89.211875
142740,-6.714,89.2125
142741,-6.664,89.213125
142742,-6.62,89.21375
142743,-6.522,89.214375
142744,-6.464,89.215
142745,-6.428,89.215625
142746,-6.401,89.21625
142747,-6.356,89.216875
142748,-6.293,89.2175
142749,-6.215,89.218125
142750,-6.215,89.21875
142751,-6.16,89.219375
142752,-6.09,89.22
142753,-6.087,89.220625
142754,-6.011,89.22125
142755,-5.934,89.221875
142756,-5.887,89.2225
142757,-5.866,89.223125
142758,-5.79,89.22375
142759,-5.687,89.224375
142760,-5.714,89.225
142761,-5.672,89.225625
142762,-5.601,89.22625
142763,-5.53,89.226875
142764,-5.474,89.2275
142765,-5.449,89.228125
142766,-5.456,89.22875
142767,-5.378,89.229375
142768,-5.311,89.23
142769,-5.253,89.230625
142770,-5.209,89.23125
142771,-5.173,89.231875
142772,-5.136,89.2325
142773,-5.092,89.233125
142774,-5.019,89.23375
142775,-4.987,89.234375
142776,-4.982,89.235
142777,-4.925,89.235625
142778,-4.899,89.23625
142779,-4.891,89.236875
142780,-4.898,89.2375
142781,-4.845,89.238125
142782,-4.803,89.23875
142783,-4.782,89.239375
142784,-4.748,89.24
142785,-4.708,89.240625
142786,-4.667,89.24125
142787,-4.637,89.241875
142788,-4.646,89.2425
142789,-4.664,89.243125
142790,-4.678,89.24375
142791,-4.656,89.244375
142792,-4.619,89.245
142793,-4.579,89.245625
142794,-4.589,89.24625
142795,-4.573,89.246875
142796,-4.552,89.2475
142797,-4.545,89.248125
142798,-4.556,89.24875
142799,-4.56,89.249375
142800,-4.554,89.25
142801,-4.561,89.250625
142802,-4.54,89.25125
142803,-4.521,89.251875
142804,-4.572,89.2525
142805,-4.529,89.253125
142806,-4.482,89.25375
142807,-4.468,89.254375
142808,-4.49,89.255
142809,-4.488,89.255625
142810,-4.472,89.25625
142811,-4.506,89.256875
142812,-4.511,89.2575
142813,-4.503,89.258125
142814,-4.493,89.25875
142815,-4.5,89.259375
142816,-4.49,89.26
142817,-4.457,89.260625
142818,-4.44,89.26125
142819,-4.495,89.261875
142820,-4.565,89.2625
142821,-4.524,89.263125
142822,-4.499,89.26375
142823,-4.469,89.264375
142824,-4.422,89.265
142825,-4.458,89.265625
142826,-4.503,89.26625
142827,-4.543,89.266875
142828,-4.529,89.2675
142829,-4.532,89.268125
142830,-4.537,89.26875
142831,-4.531,89.269375
142832,-4.53,89.27
142833,-4.558,89.270625
142834,-4.614,89.27125
142835,-4.553,89.271875
142836,-4.511,89.2725
142837,-4.506,89.273125
142838,-4.601,89.27375
142839,-4.629,89.274375
142840,-4.633,89.275
142841,-4.626,89.275625
142842,-4.668,89.27625
142843,-4.659,89.276875
142844,-4.612,89.2775
142845,-4.619,89.278125
142846,-4.592,89.27875
142847,-4.566,89.279375
142848,-4.576,89.28
142849,-4.566,89.280625
142850,-4.575,89.28125
142851,-4.61,89.281875
142852,-4.576,89.2825
142853,-4.601,89.283125
142854,-4.651,89.28375
142855,-4.658,89.284375
142856,-4.67,89.285
142857,-4.683,89.285625
142858,-4.697,89.28625
142859,-4.752,89.286875
142860,-4.748,89.2875
142861,-4.692,89.288125
142862,-4.644,89.28875
142863,-4.671,89.289375
142864,-4.713,89.29
142865,-4.716,89.290625
142866,-4.675,89.29125
142867,-4.646,89.291875
142868,-4.639,89.2925
142869,-4.612,89.293125
142870,-4.633,89.29375
142871,-4.658,89.294375
142872,-4.584,89.295
142873,-4.563,89.295625
142874,-4.547,89.29625
142875,-4.517,89.296875
142876,-4.532,89.2975
142877,-4.53,89.298125
142878,-4.509,89.29875
142879,-4.455,89.299375
142880,-4.415,89.3
142881,-4.402,89.300625
142882,-4.439,89.30125
142883,-4.411,89.301875
142884,-4.366,89.3025
142885,-4.313,89.303125
142886,-4.276,89.30375
142887,-4.27,89.304375
142888,-4.286,89.305
142889,-4.309,89.305625
142890,-4.282,89.30625
142891,-4.253,89.306875
142892,-4.243,89.3075
142893,-4.243,89.308125
142894,-4.219,89.30875
142895,-4.185,89.309375
142896,-4.222,89.31
142897,-4.235,89.310625
142898,-4.231,89.31125
142899,-4.207,89.311875
142900,-4.201,89.3125
142901,-4.184,89.313125
142902,-4.152,89.31375
142903,-4.155,89.314375
142904,-4.165,89.315
142905,-4.183,89.315625
142906,-4.22,89.31625
142907,-4.22,89.316875
142908,-4.231,89.3175
142909,-4.279,89.318125
142910,-4.236,89.31875
142911,-4.221,89.319375
142912,-4.227,89.32
142913,-4.18,89.320625
142914,-4.175,89.32125
142915,-4.188,89.321875
142916,-4.198,89.3225
142917,-4.129,89.323125
142918,-4.126,89.32375
142919,-4.214,89.324375
142920,-4.207,89.325
142921,-4.202,89.325625
142922,-4.204,89.32625
142923,-4.228,89.326875
142924,-4.206,89.3275
142925,-4.196,89.328125
142926,-4.227,89.32875
142927,-4.231,89.329375
142928,-4.266,89.33
142929,-4.315,89.330625
142930,-4.285,89.33125
142931,-4.312,89.331875
142932,-4.351,89.3325
142933,-4.361,89.333125
142934,-4.403,89.33375
142935,-4.438,89.334375
142936,-4.458,89.335
142937,-4.455,89.335625
142938,-4.474,89.33625
142939,-4.487,89.336875
142940,-4.42,89.3375
142941,-4.474,89.338125
142942,-4.562,89.33875
142943,-4.65,89.339375
142944,-4.661,89.34
142945,-4.662,89.340625
142946,-4.665,89.34125
142947,-4.712,89.341875
142948,-4.781,89.3425
142949,-4.829,89.343125
142950,-4.802,89.34375
142951,-4.88,89.344375
142952,-4.953,89.345
142953,-5.0,89.345625
142954,-5.017,89.34625
142955,-5.054,89.346875
142956,-5.101,89.3475
142957,-5.131,89.348125
142958,-5.234,89.34875
142959,-5.32,89.349375
142960,-5.347,89.35
142961,-5.394,89.350625
142962,-5.459,89.35125
142963,-5.533,89.351875
142964,-5.557,89.3525
142965,-5.597,89.353125
142966,-5.663,89.35375
142967,-5.775,89.354375
142968,-5.81,89.355
142969,-5.867,89.355625
142970,-5.963,89.35625
142971,-5.99,89.356875
142972,-6.031,89.3575
142973,-6.081,89.358125
142974,-6.129,89.35875
142975,-6.194,89.359375
142976,-6.237,89.36
142977,-6.23,89.360625
142978,-6.326,89.36125
142979,-6.413,89.361875
142980,-6.482,89.3625
142981,-6.513,89.363125
142982,-6.56,89.36375
142983,-6.622,89.364375
142984,-6.703,89.365
142985,-6.801,89.365625
142986,-6.897,89.36625
142987,-6.983,89.366875
142988,-7.034,89.3675
142989,-7.118,89.368125
142990,-7.22,89.36875
142991,-7.311,89.369375
142992,-7.363,89.37
142993,-7.437,89.370625
142994,-7.569,89.37125
142995,-7.63,89.371875
142996,-7.718,89.3725
142997,-7.835,89.373125
142998,-7.963,89.37375
142999,-8.013,89.374375
143000,-8.061,89.375
143001,-8.186,89.375625
143002,-8.299,89.37625
143003,-8.405,89.376875
143004,-8.503,89.3775
143005,-8.611,89.378125
143006,-8.686,89.37875
143007,-8.755,89.379375
143008,-8.884,89.38
143009,-8.985,89.380625
143010,-9.085,89.38125
143011,-9.193,89.381875
143012,-9.285,89.3825
143013,-9.349,89.383125
143014,-9.397,89.38375
143015,-9.495,89.384375
143016,-9.557,89.385
143017,-9.627,89.385625
143018,-9.752,89.38625
143019,-9.897,89.386875
143020,-10.013,89.3875
143021,-10.087,89.388125
143022,-10.172,89.38875
143023,-10.263,89.389375
143024,-10.35,89.39
143025,-10.411,89.390625
143026,-10.509,89.39125
143027,-10.609,89.391875
143028,-10.693,89.3925
143029,-10.819,89.393125
143030,-10.946,89.39375
143031,-11.062,89.394375
143032,-11.109,89.395
143033,-11.166,89.395625
143034,-11.239,89.39625
143035,-11.344,89.396875
143036,-11.446,89.3975
143037,-11.506,89.398125
143038,-11.52,89.39875
143039,-11.624,89.399375
143040,-11.715,89.4
143041,-11.796,89.400625
143042,-11.877,89.40125
143043,-11.945,89.401875
143044,-12.011,89.4025
143045,-12.082,89.403125
143046,-12.134,89.40375
143047,-12.197,89.404375
143048,-12.269,89.405
143049,-12.324,89.405625
143050,-12.359,89.40625
143051,-12.386,89.406875
143052,-12.413,89.4075
143053,-12.457,89.408125
143054,-12.496,89.40875
143055,-12.524,89.409375
143056,-12.592,89.41
143057,-12.617,89.410625
143058,-12.615,89.41125
143059,-12.605,89.411875
143060,-12.585,89.4125
143061,-12.568,89.413125
143062,-12.565,89.41375
143063,-12.533,89.414375
143064,-12.519,89.415
143065,-12.516,89.415625
143066,-12.465,89.41625
143067,-12.5,89.416875
143068,-12.543,89.4175
143069,-12.516,89.418125
143070,-12.462,89.41875
143071,-12.434,89.419375
143072,-12.439,89.42
143073,-12.402,89.420625
143074,-12.39,89.42125
143075,-12.377,89.421875
143076,-12.299,89.4225
143077,-12.277,89.423125
143078,-12.245,89.42375
143079,-12.171,89.424375
143080,-12.199,89.425
143081,-12.167,89.425625
143082,-12.089,89.42625
143083,-12.112,89.426875
143084,-12.096,89.4275
143085,-12.058,89.428125
143086,-12.011,89.42875
143087,-11.952,89.429375
143088,-11.906,89.43
143089,-11.879,89.430625
143090,-11.835,89.43125
143091,-11.778,89.431875
143092,-11.719,89.4325
143093,-11.682,89.433125
143094,-11.592,89.43375
143095,-11.513,89.434375
143096,-11.48,89.435
143097,-11.398,89.435625
143098,-11.354,89.43625
143099,-11.346,89.436875
143100,-11.326,89.4375
143101,-11.277,89.438125
143102,-11.219,89.43875
143103,-11.169,89.439375
143104,-11.138,89.44
143105,-11.096,89.440625
143106,-11.036,89.44125
143107,-10.981,89.441875
143108,-10.969,89.4425
143109,-10.978,89.443125
143110,-10.972,89.44375
143111,-10.907,89.444375
143112,-10.842,89.445
143113,-10.805,89.445625
143114,-10.793,89.44625
143115,-10.801,89.446875
143116,-10.819,89.4475
143117,-10.792,89.448125
143118,-10.824,89.44875
143119,-10.858,89.449375
143120,-10.835,89.45
143121,-10.793,89.450625
143122,-10.777,89.45125
143123,-10.792,89.451875
143124,-10.762,89.4525
143125,-10.721,89.453125
143126,-10.69,89.45375
143127,-10.727,89.454375
143128,-10.709,89.455
143129,-10.685,89.455625
143130,-10.678,89.45625
143131,-10.62,89.456875
143132,-10.599,89.4575
143133,-10.61,89.458125
143134,-10.6,89.45875
143135,-10.583,89.459375
143136,-10.552,89.46
143137,-10.494,89.460625
143138,-10.454,89.46125
143139,-10.408,89.461875
143140,-10.353,89.4625
143141,-10.353,89.463125
143142,-10.305,89.46375
143143,-10.244,89.464375
143144,-10.255,89.465
143145,-10.244,89.465625
143146,-10.208,89.46625
143147,-10.141,89.466875
143148,-10.105,89.4675
143149,-10.109,89.468125
143150,-10.135,89.46875
143151,-10.074,89.469375
143152,-10.027,89.47
143153,-10.006,89.470625
143154,-10.033,89.47125
143155,-10.028,89.471875
143156,-10.031,89.4725
143157,-10.05,89.473125
143158,-10.037,89.47375
143159,-10.032,89.474375
143160,-10.029,89.475
143161,-10.016,89.475625
143162,-9.981,89.47625
143163,-9.942,89.476875
143164,-9.904,89.4775
143165,-9.915,89.478125
143166,-9.909,89.47875
143167,-9.88,89.479375
143168,-9.813,89.48
143169,-9.806,89.480625
143170,-9.824,89.48125
143171,-9.834,89.481875
143172,-9.797,89.4825
143173,-9.775,89.483125
143174,-9.777,89.48375
143175,-9.75,89.484375
143176,-9.777,89.485
143177,-9.804,89.485625
143178,-9.696,89.48625
143179,-9.654,89.486875
143180,-9.634,89.4875
143181,-9.621,89.488125
143182,-9.575,89.48875
143183,-9.522,89.489375
143184,-9.479,89.49
143185,-9.543,89.490625
143186,-9.529,89.49125
143187,-9.48,89.491875
143188,-9.426,89.4925
143189,-9.384,89.493125
143190,-9.349,89.49375
143191,-9.322,89.494375
143192,-9.288,89.495
143193,-9.242,89.495625
143194,-9.194,89.49625
143195,-9.17,89.496875
143196,-9.141,89.4975
143197,-9.11,89.498125
143198,-9.076,89.49875
143199,-9.058,89.499375
143200,-9.025,89.5
143201,-8.978,89.500625
143202,-8.93,89.50125
143203,-8.923,89.501875
143204,-8.926,89.5025
143205,-8.909,89.503125
143206,-8.877,89.50375
143207,-8.857,89.504375
143208,-8.852,89.505
143209,-8.798,89.505625
143210,-8.788,89.50625
143211,-8.8,89.506875
143212,-8.797,89.5075
143213,-8.762,89.508125
143214,-8.755,89.50875
143215,-8.812,89.509375
143216,-8.787,89.51
143217,-8.783,89.510625
143218,-8.798,89.51125
143219,-8.767,89.511875
143220,-8.746,89.5125
143221,-8.727,89.513125
143222,-8.704,89.51375
143223,-8.779,89.514375
143224,-8.783,89.515
143225,-8.683,89.515625
143226,-8.751,89.51625
143227,-8.802,89.516875
143228,-8.82,89.5175
143229,-8.746,89.518125
143230,-8.721,89.51875
143231,-8.687,89.519375
143232,-8.609,89.52
143233,-8.65,89.520625
143234,-8.679,89.52125
143235,-8.69,89.521875
143236,-8.683,89.5225
143237,-8.703,89.523125
143238,-8.72,89.52375
143239,-8.703,89.524375
143240,-8.68,89.525
143241,-8.685,89.525625
143242,-8.723,89.52625
143243,-8.686,89.526875
143244,-8.672,89.5275
143245,-8.669,89.528125
143246,-8.656,89.52875
143247,-8.668,89.529375
143248,-8.694,89.53
143249,-8.727,89.530625
143250,-8.713,89.53125
143251,-8.689,89.531875
143252,-8.662,89.5325
143253,-8.662,89.533125
143254,-8.669,89.53375
143255,-8.681,89.534375
143256,-8.698,89.535
143257,-8.686,89.535625
143258,-8.674,89.53625
143259,-8.667,89.536875
143260,-8.677,89.5375
143261,-8.632,89.538125
143262,-8.571,89.53875
143263,-8.595,89.539375
143264,-8.566,89.54
143265,-8.535,89.540625
143266,-8.529,89.54125
143267,-8.522,89.541875
143268,-8.522,89.5425
143269,-8.526,89.543125
143270,-8.506,89.54375
143271,-8.478,89.544375
143272,-8.463,89.545
143273,-8.487,89.545625
143274,-8.449,89.54625
143275,-8.411,89.546875
143276,-8.385,89.5475
143277,-8.398,89.548125
143278,-8.402,89.54875
143279,-8.386,89.549375
143280,-8.322,89.55
143281,-8.25,89.550625
143282,-8.203,89.55125
143283,-8.203,89.551875
143284,-8.215,89.5525
143285,-8.193,89.553125
143286,-8.146,89.55375
143287,-8.153,89.554375
143288,-8.112,89.555
143289,-8.072,89.555625
143290,-8.086,89.55625
143291,-8.082,89.556875
143292,-8.075,89.5575
143293,-8.069,89.558125
143294,-8.075,89.55875
143295,-8.018,89.559375
143296,-7.944,89.56
143297,-7.967,89.560625
143298,-7.988,89.56125
143299,-7.99,89.561875
143300,-7.96,89.5625
143301,-7.933,89.563125
143302,-7.915,89.56375
143303,-7.908,89.564375
143304,-7.928,89.565
143305,-7.902,89.565625
143306,-7.877,89.56625
143307,-7.911,89.566875
143308,-7.898,89.5675
143309,-7.879,89.568125
143310,-7.863,89.56875
143311,-7.883,89.569375
143312,-7.856,89.57
143313,-7.814,89.570625
143314,-7.834,89.57125
143315,-7.846,89.571875
143316,-7.842,89.5725
143317,-7.812,89.573125
143318,-7.807,89.57375
143319,-7.778,89.574375
143320,-7.738,89.575
143321,-7.782,89.575625
143322,-7.765,89.57625
143323,-7.741,89.576875
143324,-7.768,89.5775
143325,-7.751,89.578125
143326,-7.743,89.57875
143327,-7.751,89.579375
143328,-7.7,89.58
143329,-7.674,89.580625
143330,-7.668,89.58125
143331,-7.674,89.581875
143332,-7.665,89.5825
143333,-7.644,89.583125
143334,-7.611,89.58375
143335,-7.625,89.584375
143336,-7.642,89.585
143337,-7.653,89.585625
143338,-7.615,89.58625
143339,-7.574,89.586875
143340,-7.537,89.5875
143341,-7.52,89.588125
143342,-7.489,89.58875
143343,-7.503,89.589375
143344,-7.574,89.59
143345,-7.52,89.590625
143346,-7.507,89.59125
143347,-7.518,89.591875
143348,-7.522,89.5925
143349,-7.502,89.593125
143350,-7.477,89.59375
143351,-7.457,89.594375
143352,-7.446,89.595
143353,-7.455,89.595625
143354,-7.475,89.59625
143355,-7.438,89.596875
143356,-7.394,89.5975
143357,-7.361,89.598125
143358,-7.364,89.59875
143359,-7.385,89.599375
143360,-7.386,89.6
143361,-7.359,89.600625
143362,-7.311,89.60125
143363,-7.311,89.601875
143364,-7.34,89.6025
143365,-7.364,89.603125
143366,-7.348,89.60375
143367,-7.33,89.604375
143368,-7.326,89.605
143369,-7.301,89.605625
143370,-7.322,89.60625
143371,-7.378,89.606875
143372,-7.368,89.6075
143373,-7.325,89.608125
143374,-7.314,89.60875
143375,-7.425,89.609375
143376,-7.444,89.61
143377,-7.449,89.610625
143378,-7.456,89.61125
143379,-7.459,89.611875
143380,-7.46,89.6125
143381,-7.475,89.613125
143382,-7.553,89.61375
143383,-7.578,89.614375
143384,-7.585,89.615
143385,-7.585,89.615625
143386,-7.588,89.61625
143387,-7.613,89.616875
143388,-7.654,89.6175
143389,-7.674,89.618125
143390,-7.744,89.61875
143391,-7.808,89.619375
143392,-7.801,89.62
143393,-7.867,89.620625
143394,-7.934,89.62125
143395,-7.988,89.621875
143396,-8.011,89.6225
143397,-8.051,89.623125
143398,-8.093,89.62375
143399,-8.096,89.624375
143400,-8.178,89.625
143401,-8.238,89.625625
143402,-8.218,89.62625
143403,-8.236,89.626875
143404,-8.278,89.6275
143405,-8.333,89.628125
143406,-8.343,89.62875
143407,-8.388,89.629375
143408,-8.448,89.63
143409,-8.506,89.630625
143410,-8.508,89.63125
143411,-8.533,89.631875
143412,-8.595,89.6325
143413,-8.602,89.633125
143414,-8.621,89.63375
143415,-8.655,89.634375
143416,-8.716,89.635
143417,-8.758,89.635625
143418,-8.772,89.63625
143419,-8.745,89.636875
143420,-8.82,89.6375
143421,-8.853,89.638125
143422,-8.848,89.63875
143423,-8.885,89.639375
143424,-8.932,89.64
143425,-8.958,89.640625
143426,-8.921,89.64125
143427,-8.916,89.641875
143428,-8.931,89.6425
143429,-8.964,89.643125
143430,-8.957,89.64375
143431,-8.954,89.644375
143432,-8.961,89.645
143433,-8.995,89.645625
143434,-8.997,89.64625
143435,-8.982,89.646875
143436,-8.951,89.6475
143437,-8.956,89.648125
143438,-8.971,89.64875
143439,-8.996,89.649375
143440,-9.026,89.65
143441,-9.017,89.650625
143442,-8.998,89.65125
143443,-9.002,89.651875
143444,-8.956,89.6525
143445,-8.926,89.653125
143446,-8.926,89.65375
143447,-8.926,89.654375
143448,-8.928,89.655
143449,-8.931,89.655625
143450,-8.934,89.65625
143451,-8.946,89.656875
143452,-8.931,89.6575
143453,-8.867,89.658125
143454,-8.895,89.65875
143455,-8.902,89.659375
143456,-8.885,89.66
143457,-8.865,89.660625
143458,-8.859,89.66125
143459,-8.85,89.661875
143460,-8.82,89.6625
143461,-8.781,89.663125
143462,-8.728,89.66375
143463,-8.664,89.664375
143464,-8.724,89.665
143465,-8.742,89.665625
143466,-8.743,89.66625
143467,-8.79,89.666875
143468,-8.783,89.6675
143469,-8.757,89.668125
143470,-8.726,89.66875
143471,-8.724,89.669375
143472,-8.723,89.67
143473,-8.721,89.670625
143474,-8.731,89.67125
143475,-8.76,89.671875
143476,-8.768,89.6725
143477,-8.701,89.673125
143478,-8.668,89.67375
143479,-8.682,89.674375
143480,-8.749,89.675
143481,-8.776,89.675625
143482,-8.819,89.67625
143483,-8.856,89.676875
143484,-8.819,89.6775
143485,-8.85,89.678125
143486,-8.909,89.67875
143487,-8.983,89.679375
143488,-8.832,89.68
143489,-8.698,89.680625
143490,-8.588,89.68125
143491,-8.433,89.681875
143492,-8.259,89.6825
143493,-8.124,89.683125
143494,-8.117,89.68375
143495,-8.168,89.684375
143496,-8.293,89.685
143497,-8.492,89.685625
143498,-8.384,89.68625
143499,-8.272,89.686875
143500,-8.202,89.6875
143501,-8.323,89.688125
143502,-8.484,89.68875
143503,-8.652,89.689375
143504,-8.811,89.69
143505,-9.02,89.690625
143506,-9.203,89.69125
143507,-9.349,89.691875
143508,-9.413,89.6925
143509,-9.57,89.693125
143510,-9.733,89.69375
143511,-9.797,89.694375
143512,-9.847,89.695
143513,-9.875,89.695625
143514,-9.879,89.69625
143515,-9.916,89.696875
143516,-9.982,89.6975
143517,-10.069,89.698125
143518,-10.167,89.69875
143519,-10.221,89.699375
143520,-10.278,89.7
143521,-10.366,89.700625
143522,-10.448,89.70125
143523,-10.51,89.701875
143524,-10.559,89.7025
143525,-10.657,89.703125
143526,-10.72,89.70375
143527,-10.769,89.704375
143528,-10.824,89.705
143529,-10.866,89.705625
143530,-10.914,89.70625
143531,-10.972,89.706875
143532,-11.07,89.7075
143533,-11.142,89.708125
143534,-11.191,89.70875
143535,-11.222,89.709375
143536,-11.273,89.71
143537,-11.343,89.710625
143538,-11.434,89.71125
143539,-11.452,89.711875
143540,-11.482,89.7125
143541,-11.527,89.713125
143542,-11.584,89.71375
143543,-11.635,89.714375
143544,-11.688,89.715
143545,-11.755,89.715625
143546,-11.777,89.71625
143547,-11.789,89.716875
143548,-11.799,89.7175
143549,-11.833,89.718125
143550,-11.836,89.71875
143551,-11.83,89.719375
143552,-11.867,89.72
143553,-11.951,89.720625
143554,-12.008,89.72125
143555,-11.991,89.721875
143556,-11.987,89.7225
143557,-11.994,89.723125
143558,-12.011,89.72375
143559,-12.024,89.724375
143560,-12.017,89.725
143561,-12.018,89.725625
143562,-12.069,89.72625
143563,-12.033,89.726875
143564,-12.019,89.7275
143565,-12.052,89.728125
143566,-12.014,89.72875
143567,-12.014,89.729375
143568,-12.035,89.73
143569,-12.041,89.730625
143570,-12.012,89.73125
143571,-11.971,89.731875
143572,-11.93,89.7325
143573,-11.858,89.733125
143574,-11.803,89.73375
143575,-11.764,89.734375
143576,-11.703,89.735
143577,-11.679,89.735625
143578,-11.637,89.73625
143579,-11.498,89.736875
143580,-11.495,89.7375
143581,-11.577,89.738125
143582,-11.736,89.73875
143583,-11.723,89.739375
143584,-11.782,89.74
143585,-11.878,89.740625
143586,-11.919,89.74125
143587,-11.852,89.741875
143588,-11.79,89.7425
143589,-11.794,89.743125
143590,-11.832,89.74375
143591,-11.895,89.744375
143592,-11.974,89.745
143593,-12.001,89.745625
143594,-11.988,89.74625
143595,-11.988,89.746875
143596,-12.069,89.7475
143597,-12.003,89.748125
143598,-11.914,89.74875
143599,-11.828,89.749375
143600,-11.883,89.75
143601,-11.904,89.750625
143602,-11.901,89.75125
143603,-11.884,89.751875
143604,-11.909,89.7525
143605,-11.948,89.753125
143606,-11.992,89.75375
143607,-11.973,89.754375
143608,-11.977,89.755
143609,-12.005,89.755625
143610,-12.008,89.75625
143611,-12.007,89.756875
143612,-12.015,89.7575
143613,-12.056,89.758125
143614,-12.013,89.75875
143615,-12.026,89.759375
143616,-12.131,89.76
143617,-12.256,89.760625
143618,-12.349,89.76125
143619,-12.424,89.761875
143620,-12.515,89.7625
143621,-12.557,89.763125
143622,-12.599,89.76375
143623,-12.67,89.764375
143624,-12.707,89.765
143625,-12.746,89.765625
143626,-12.783,89.76625
143627,-12.763,89.766875
143628,-12.819,89.7675
143629,-12.881,89.768125
143630,-12.864,89.76875
143631,-12.85,89.769375
143632,-12.909,89.77
143633,-13.058,89.770625
143634,-13.055,89.77125
143635,-13.08,89.771875
143636,-13.109,89.7725
143637,-13.071,89.773125
143638,-13.125,89.77375
143639,-13.168,89.774375
143640,-13.141,89.775
143641,-13.114,89.775625
143642,-13.098,89.77625
143643,-13.09,89.776875
143644,-13.077,89.7775
143645,-13.112,89.778125
143646,-13.141,89.77875
143647,-13.094,89.779375
143648,-13.044,89.78
143649,-13.053,89.780625
143650,-13.138,89.78125
143651,-13.088,89.781875
143652,-13.076,89.7825
143653,-13.077,89.783125
143654,-13.023,89.78375
143655,-13.028,89.784375
143656,-13.044,89.785
143657,-13.044,89.785625
143658,-13.037,89.78625
143659,-13.025,89.786875
143660,-13.01,89.7875
143661,-13.01,89.788125
143662,-12.964,89.78875
143663,-12.919,89.789375
143664,-12.936,89.79
143665,-12.915,89.790625
143666,-12.85,89.79125
143667,-12.738,89.791875
143668,-12.789,89.7925
143669,-12.778,89.793125
143670,-12.745,89.79375
143671,-12.789,89.794375
143672,-12.823,89.795
143673,-12.85,89.795625
143674,-12.87,89.79625
143675,-12.852,89.796875
143676,-12.837,89.7975
143677,-12.835,89.798125
143678,-12.899,89.79875
143679,-12.91,89.799375
143680,-12.914,89.8
143681,-12.969,89.800625
143682,-13.002,89.80125
143683,-13.005,89.801875
143684,-12.972,89.8025
143685,-12.975,89.803125
143686,-12.997,89.80375
143687,-13.033,89.804375
143688,-13.076,89.805
143689,-13.079,89.805625
143690,-13.063,89.80625
143691,-13.036,89.806875
143692,-13.044,89.8075
143693,-13.033,89.808125
143694,-13.013,89.80875
143695,-13.091,89.809375
143696,-13.115,89.81
143697,-13.124,89.810625
143698,-13.158,89.81125
143699,-13.175,89.811875
143700,-13.152,89.8125
143701,-13.082,89.813125
143702,-13.096,89.81375
143703,-13.091,89.814375
143704,-13.07,89.815
143705,-13.033,89.815625
143706,-12.975,89.81625
143707,-12.945,89.816875
143708,-12.979,89.8175
143709,-12.921,89.818125
143710,-12.857,89.81875
143711,-12.796,89.819375
143712,-12.758,89.82
143713,-12.765,89.820625
143714,-12.771,89.82125
143715,-12.717,89.821875
143716,-12.614,89.8225
143717,-12.54,89.823125
143718,-12.516,89.82375
143719,-12.434,89.824375
143720,-12.376,89.825
143721,-12.329,89.825625
143722,-12.268,89.82625
143723,-12.168,89.826875
143724,-12.113,89.8275
143725,-12.164,89.828125
143726,-12.139,89.82875
143727,-12.086,89.829375
143728,-12.017,89.83
143729,-11.993,89.830625
143730,-11.939,89.83125
143731,-11.879,89.831875
143732,-11.838,89.8325
143733,-11.792,89.833125
143734,-11.769,89.83375
143735,-11.778,89.834375
143736,-11.714,89.835
143737,-11.67,89.835625
143738,-11.628,89.83625
143739,-11.533,89.836875
143740,-11.478,89.8375
143741,-11.423,89.838125
143742,-11.349,89.83875
143743,-11.278,89.839375
143744,-11.234,89.84
143745,-11.216,89.840625
143746,-11.186,89.84125
143747,-11.19,89.841875
143748,-11.176,89.8425
143749,-11.068,89.843125
143750,-11.023,89.84375
143751,-11.001,89.844375
143752,-10.994,89.845
143753,-10.96,89.845625
143754,-10.922,89.84625
143755,-10.884,89.846875
143756,-10.857,89.8475
143757,-10.897,89.848125
143758,-10.908,89.84875
143759,-10.827,89.849375
143760,-10.863,89.85
143761,-10.891,89.850625
143762,-10.908,89.85125
143763,-10.955,89.851875
143764,-10.984,89.8525
143765,-11.018,89.853125
143766,-11.089,89.85375
143767,-11.117,89.854375
143768,-11.144,89.855
143769,-11.182,89.855625
143770,-11.246,89.85625
143771,-11.288,89.856875
143772,-11.311,89.8575
143773,-11.318,89.858125
143774,-11.387,89.85875
143775,-11.471,89.859375
143776,-11.549,89.86
143777,-11.674,89.860625
143778,-11.769,89.86125
143779,-11.831,89.861875
143780,-11.868,89.8625
143781,-11.981,89.863125
143782,-12.087,89.86375
143783,-12.074,89.864375
143784,-12.083,89.865
143785,-12.129,89.865625
143786,-12.216,89.86625
143787,-12.28,89.866875
143788,-12.268,89.8675
143789,-12.162,89.868125
143790,-11.872,89.86875
143791,-11.974,89.869375
143792,-12.238,89.87
143793,-12.58,89.870625
143794,-12.915,89.87125
143795,-13.251,89.871875
143796,-13.579,89.8725
143797,-13.812,89.873125
143798,-14.018,89.87375
143799,-14.169,89.874375
143800,-14.206,89.875
143801,-14.301,89.875625
143802,-14.325,89.87625
143803,-14.246,89.876875
143804,-14.294,89.8775
143805,-14.246,89.878125
143806,-14.151,89.87875
143807,-14.131,89.879375
143808,-14.077,89.88
143809,-14.016,89.880625
143810,-13.962,89.88125
143811,-13.914,89.881875
143812,-13.858,89.8825
143813,-13.795,89.883125
143814,-13.737,89.88375
143815,-13.73,89.884375
143816,-13.723,89.885
143817,-13.649,89.885625
143818,-13.571,89.88625
143819,-13.535,89.886875
143820,-13.55,89.8875
143821,-13.472,89.888125
143822,-13.431,89.88875
143823,-13.421,89.889375
143824,-13.441,89.89
143825,-13.423,89.890625
143826,-13.379,89.89125
143827,-13.312,89.891875
143828,-13.329,89.8925
143829,-13.32,89.893125
143830,-13.281,89.89375
143831,-13.264,89.894375
143832,-13.231,89.895
143833,-13.218,89.895625
143834,-13.279,89.89625
143835,-13.308,89.896875
143836,-13.345,89.8975
143837,-13.399,89.898125
143838,-13.46,89.89875
143839,-13.474,89.899375
143840,-13.478,89.9
143841,-13.576,89.900625
143842,-13.617,89.90125
143843,-13.656,89.901875
143844,-13.724,89.9025
143845,-13.754,89.903125
143846,-13.808,89.90375
143847,-13.889,89.904375
143848,-13.967,89.905
143849,-14.026,89.905625
143850,-14.091,89.90625
143851,-14.196,89.906875
143852,-14.289,89.9075
143853,-14.373,89.908125
143854,-14.449,89.90875
143855,-14.625,89.909375
143856,-14.772,89.91
143857,-14.907,89.910625
143858,-15.073,89.91125
143859,-15.187,89.911875
143860,-15.304,89.9125
143861,-15.456,89.913125
143862,-15.608,89.91375
143863,-15.715,89.914375
143864,-15.787,89.915
143865,-15.936,89.915625
143866,-16.004,89.91625
143867,-16.046,89.916875
143868,-16.121,89.9175
143869,-16.218,89.918125
143870,-16.311,89.91875
143871,-16.39,89.919375
143872,-16.37,89.92
143873,-16.402,89.920625
143874,-16.45,89.92125
143875,-16.41,89.921875
143876,-16.413,89.9225
143877,-16.43,89.923125
143878,-16.447,89.92375
143879,-16.495,89.924375
143880,-16.53,89.925
143881,-16.554,89.925625
143882,-16.608,89.92625
143883,-16.657,89.926875
143884,-16.697,89.9275
143885,-16.714,89.928125
143886,-16.785,89.92875
143887,-16.868,89.929375
143888,-16.951,89.93
143889,-16.971,89.930625
143890,-17.026,89.93125
143891,-17.115,89.931875
143892,-17.257,89.9325
143893,-17.407,89.933125
143894,-17.532,89.93375
143895,-17.606,89.934375
143896,-17.813,89.935
143897,-17.991,89.935625
143898,-18.135,89.93625
143899,-18.301,89.936875
143900,-18.524,89.9375
143901,-18.77,89.938125
143902,-19.007,89.93875
143903,-19.244,89.939375
143904,-19.505,89.94
143905,-19.798,89.940625
143906,-20.059,89.94125
143907,-20.339,89.941875
143908,-20.64,89.9425
143909,-20.975,89.943125
143910,-21.335,89.94375
143911,-21.697,89.944375
143912,-22.045,89.945
143913,-22.45,89.945625
143914,-22.872,89.94625
143915,-23.309,89.946875
143916,-23.748,89.9475
143917,-24.187,89.948125
143918,-24.61,89.94875
143919,-24.985,89.949375
143920,-25.452,89.95
143921,-25.934,89.950625
143922,-26.413,89.95125
143923,-26.832,89.951875
143924,-27.287,89.9525
143925,-27.756,89.953125
143926,-28.172,89.95375
143927,-28.605,89.954375
143928,-29.005,89.955
143929,-29.33,89.955625
143930,-29.61,89.95625
143931,-29.868,89.956875
143932,-30.102,89.9575
143933,-30.274,89.958125
143934,-30.364,89.95875
143935,-30.452,89.959375
143936,-30.645,89.96
143937,-30.746,89.960625
143938,-30.854,89.96125
143939,-30.991,89.961875
143940,-31.062,89.9625
143941,-31.163,89.963125
143942,-31.264,89.96375
143943,-31.267,89.964375
143944,-31.273,89.965
143945,-31.276,89.965625
143946,-31.269,89.96625
143947,-31.237,89.966875
143948,-31.208,89.9675
143949,-31.185,89.968125
143950,-31.168,89.96875
143951,-31.165,89.969375
143952,-31.185,89.97
143953,-31.253,89.970625
143954,-31.292,89.97125
143955,-31.365,89.971875
143956,-31.491,89.9725
143957,-31.683,89.973125
143958,-31.9,89.97375
143959,-32.16,89.974375
143960,-32.542,89.975
143961,-32.952,89.975625
143962,-33.376,89.97625
143963,-33.808,89.976875
143964,-34.222,89.9775
143965,-34.645,89.978125
143966,-35.065,89.97875
143967,-35.369,89.979375
143968,-35.635,89.98
143969,-35.869,89.980625
143970,-36.069,89.98125
143971,-36.08,89.981875
143972,-36.046,89.9825
143973,-35.998,89.983125
143974,-35.893,89.98375
143975,-35.736,89.984375
143976,-35.529,89.985
143977,-35.252,89.985625
143978,-34.98,89.98625
143979,-34.724,89.986875
143980,-34.498,89.9875
143981,-34.152,89.988125
143982,-33.897,89.98875
143983,-33.759,89.989375
143984,-33.824,89.99
143985,-33.806,89.990625
143986,-33.535,89.99125
143987,-32.656,89.991875
143988,-31.794,89.9925
143989,-31.13,89.993125
143990,-30.731,89.99375
143991,-30.66,89.994375
143992,-30.659,89.995
143993,-30.722,89.995625
143994,-30.858,89.99625
143995,-31.119,89.996875
143996,-31.453,89.9975
143997,-31.852,89.998125
143998,-32.113,89.99875
143999,-32.366,89.999375
144000,-32.621,90.0
144001,-32.854,90.000625
144002,-33.163,90.00125
144003,-33.463,90.001875
144004,-33.635,90.0025
144005,-33.774,90.003125
144006,-33.878,90.00375
144007,-33.945,90.004375
144008,-33.989,90.005
144009,-34.021,90.005625
144010,-34.039,90.00625
144011,-34.029,90.006875
144012,-33.99,90.0075
144013,-33.933,90.008125
144014,-33.855,90.00875
144015,-33.771,90.009375
144016,-33.668,90.01
144017,-33.546,90.010625
144018,-33.424,90.01125
144019,-33.296,90.011875
144020,-33.162,90.0125
144021,-33.024,90.013125
144022,-32.896,90.01375
144023,-32.77,90.014375
144024,-32.642,90.015
144025,-32.557,90.015625
144026,-32.521,90.01625
144027,-32.512,90.016875
144028,-32.478,90.0175
144029,-32.411,90.018125
144030,-32.314,90.01875
144031,-32.179,90.019375
144032,-32.018,90.02
144033,-31.83,90.020625
144034,-31.621,90.02125
144035,-31.445,90.021875
144036,-31.253,90.0225
144037,-31.046,90.023125
144038,-30.816,90.02375
144039,-30.583,90.024375
144040,-30.352,90.025
144041,-30.122,90.025625
144042,-29.865,90.02625
144043,-29.632,90.026875
144044,-29.388,90.0275
144045,-29.013,90.028125
144046,-28.709,90.02875
144047,-28.393,90.029375
144048,-28.007,90.03
144049,-27.638,90.030625
144050,-27.288,90.03125
144051,-26.957,90.031875
144052,-26.622,90.0325
144053,-26.228,90.033125
144054,-25.821,90.03375
144055,-25.46,90.034375
144056,-25.072,90.035
144057,-24.68,90.035625
144058,-24.289,90.03625
144059,-23.988,90.036875
144060,-23.683,90.0375
144061,-23.388,90.038125
144062,-23.152,90.03875
144063,-22.882,90.039375
144064,-22.638,90.04
144065,-22.466,90.040625
144066,-22.293,90.04125
144067,-22.149,90.041875
144068,-22.029,90.0425
144069,-21.893,90.043125
144070,-21.799,90.04375
144071,-21.703,90.044375
144072,-21.544,90.045
144073,-21.422,90.045625
144074,-21.342,90.04625
144075,-21.308,90.046875
144076,-21.281,90.0475
144077,-21.168,90.048125
144078,-20.995,90.04875
144079,-20.819,90.049375
144080,-20.705,90.05
144081,-20.596,90.050625
144082,-20.457,90.05125
144083,-20.162,90.051875
144084,-19.932,90.0525
144085,-19.77,90.053125
144086,-19.543,90.05375
144087,-19.271,90.054375
144088,-18.992,90.055
144089,-18.756,90.055625
144090,-18.533,90.05625
144091,-18.338,90.056875
144092,-18.175,90.0575
144093,-17.938,90.058125
144094,-17.742,90.05875
144095,-17.567,90.059375
144096,-17.364,90.06
144097,-17.113,90.060625
144098,-16.899,90.06125
144099,-16.787,90.061875
144100,-16.626,90.0625
144101,-16.374,90.063125
144102,-16.054,90.06375
144103,-15.878,90.064375
144104,-15.778,90.065
144105,-15.682,90.065625
144106,-15.496,90.06625
144107,-15.359,90.066875
144108,-15.25,90.0675
144109,-15.169,90.068125
144110,-15.136,90.06875
144111,-15.058,90.069375
144112,-14.963,90.07
144113,-14.933,90.070625
144114,-14.959,90.07125
144115,-14.967,90.071875
144116,-14.906,90.0725
144117,-14.97,90.073125
144118,-15.053,90.07375
144119,-15.131,90.074375
144120,-15.07,90.075
144121,-14.743,90.075625
144122,-14.213,90.07625
144123,-13.469,90.076875
144124,-12.618,90.0775
144125,-11.866,90.078125
144126,-11.281,90.07875
144127,-11.149,90.079375
144128,-11.404,90.08
144129,-12.01,90.080625
144130,-13.007,90.08125
144131,-14.303,90.081875
144132,-15.669,90.0825
144133,-16.984,90.083125
144134,-17.918,90.08375
144135,-18.473,90.084375
144136,-18.647,90.085
144137,-18.39,90.085625
144138,-17.785,90.08625
144139,-16.903,90.086875
144140,-15.706,90.0875
144141,-14.433,90.088125
144142,-13.18,90.08875
144143,-11.976,90.089375
144144,-11.256,90.09
144145,-10.979,90.090625
144146,-11.11,90.09125
144147,-11.725,90.091875
144148,-12.703,90.0925
144149,-13.889,90.093125
144150,-15.251,90.09375
144151,-16.716,90.094375
144152,-17.851,90.095
144153,-18.623,90.095625
144154,-19.066,90.09625
144155,-19.588,90.096875
144156,-20.064,90.0975
144157,-20.29,90.098125
144158,-20.055,90.09875
144159,-19.756,90.099375
144160,-19.492,90.1
144161,-19.239,90.100625
144162,-18.995,90.10125
144163,-18.716,90.101875
144164,-18.233,90.1025
144165,-17.726,90.103125
144166,-17.274,90.10375
144167,-16.943,90.104375
144168,-16.409,90.105
144169,-15.78,90.105625
144170,-15.067,90.10625
144171,-14.29,90.106875
144172,-13.403,90.1075
144173,-12.431,90.108125
144174,-11.363,90.10875
144175,-10.221,90.109375
144176,-9.074,90.11
144177,-7.938,90.110625
144178,-6.83,90.11125
144179,-5.838,90.111875
144180,-4.941,90.1125
144181,-4.099,90.113125
144182,-3.444,90.11375
144183,-2.944,90.114375
144184,-2.629,90.115
144185,-2.695,90.115625
144186,-3.058,90.11625
144187,-3.733,90.116875
144188,-4.964,90.1175
144189,-6.471,90.118125
144190,-8.088,90.11875
144191,-9.629,90.119375
144192,-10.904,90.12
144193,-11.904,90.120625
144194,-12.594,90.12125
144195,-12.726,90.121875
144196,-12.625,90.1225
144197,-12.317,90.123125
144198,-11.793,90.12375
144199,-11.142,90.124375
144200,-10.509,90.125
144201,-9.996,90.125625
144202,-9.391,90.12625
144203,-8.925,90.126875
144204,-8.626,90.1275
144205,-8.592,90.128125
144206,-8.567,90.12875
144207,-8.624,90.129375
144208,-8.908,90.13
144209,-9.3,90.130625
144210,-9.621,90.13125
144211,-9.817,90.131875
144212,-10.057,90.1325
144213,-10.158,90.133125
144214,-10.16,90.13375
144215,-10.157,90.134375
144216,-10.075,90.135
144217,-9.931,90.135625
144218,-9.718,90.13625
144219,-9.406,90.136875
144220,-9.076,90.1375
144221,-8.737,90.138125
144222,-8.393,90.13875
144223,-8.003,90.139375
144224,-7.58,90.14
144225,-7.127,90.140625
144226,-6.745,90.14125
144227,-6.372,90.141875
144228,-5.994,90.1425
144229,-5.693,90.143125
144230,-5.36,90.14375
144231,-5.001,90.144375
144232,-4.619,90.145
144233,-4.201,90.145625
144234,-3.786,90.14625
144235,-3.397,90.146875
144236,-3.033,90.1475
144237,-2.685,90.148125
144238,-2.339,90.14875
144239,-1.873,90.149375
144240,-1.558,90.15
144241,-1.335,90.150625
144242,-1.163,90.15125
144243,-1.033,90.151875
144244,-0.962,90.1525
144245,-0.963,90.153125
144246,-1.047,90.15375
144247,-1.183,90.154375
144248,-1.369,90.155
144249,-1.619,90.155625
144250,-1.974,90.15625
144251,-2.308,90.156875
144252,-2.534,90.1575
144253,-2.947,90.158125
144254,-3.356,90.15875
144255,-3.746,90.159375
144256,-4.155,90.16
144257,-4.571,90.160625
144258,-4.991,90.16125
144259,-5.414,90.161875
144260,-5.828,90.1625
144261,-6.239,90.163125
144262,-6.647,90.16375
144263,-7.019,90.164375
144264,-7.431,90.165
144265,-7.861,90.165625
144266,-8.246,90.16625
144267,-8.624,90.166875
144268,-9.024,90.1675
144269,-9.474,90.168125
144270,-9.855,90.16875
144271,-10.257,90.169375
144272,-10.679,90.17
144273,-11.017,90.170625
144274,-11.386,90.17125
144275,-11.77,90.171875
144276,-12.148,90.1725
144277,-12.538,90.173125
144278,-12.922,90.17375
144279,-13.293,90.174375
144280,-13.564,90.175
144281,-13.826,90.175625
144282,-14.073,90.17625
144283,-14.273,90.176875
144284,-14.419,90.1775
144285,-14.555,90.178125
144286,-14.707,90.17875
144287,-14.704,90.179375
144288,-14.73,90.18
144289,-14.788,90.180625
144290,-14.744,90.18125
144291,-14.707,90.181875
144292,-14.654,90.1825
144293,-14.546,90.183125
144294,-14.483,90.18375
144295,-14.396,90.184375
144296,-14.264,90.185
144297,-14.173,90.185625
144298,-14.054,90.18625
144299,-13.899,90.186875
144300,-13.662,90.1875
144301,-13.487,90.188125
144302,-13.325,90.18875
144303,-13.149,90.189375
144304,-12.895,90.19
144305,-12.656,90.190625
144306,-12.434,90.19125
144307,-12.191,90.191875
144308,-11.956,90.1925
144309,-11.726,90.193125
144310,-11.497,90.19375
144311,-11.301,90.194375
144312,-11.063,90.195
144313,-10.759,90.195625
144314,-10.594,90.19625
144315,-10.408,90.196875
144316,-10.219,90.1975
144317,-10.08,90.198125
144318,-9.919,90.19875
144319,-9.77,90.199375
144320,-9.662,90.2
144321,-9.504,90.200625
144322,-9.386,90.20125
144323,-9.317,90.201875
144324,-9.307,90.2025
144325,-9.299,90.203125
144326,-9.283,90.20375
144327,-9.239,90.204375
144328,-9.232,90.205
144329,-9.224,90.205625
144330,-9.203,90.20625
144331,-9.278,90.206875
144332,-9.364,90.2075
144333,-9.456,90.208125
144334,-9.534,90.20875
144335,-9.593,90.209375
144336,-9.665,90.21
144337,-9.769,90.210625
144338,-9.852,90.21125
144339,-9.923,90.211875
144340,-9.982,90.2125
144341,-10.016,90.213125
144342,-10.115,90.21375
144343,-10.226,90.214375
144344,-10.273,90.215
144345,-10.331,90.215625
144346,-10.404,90.21625
144347,-10.492,90.216875
144348,-10.617,90.2175
144349,-10.706,90.218125
144350,-10.786,90.21875
144351,-10.941,90.219375
144352,-11.109,90.22
144353,-11.287,90.220625
144354,-11.477,90.22125
144355,-11.706,90.221875
144356,-11.897,90.2225
144357,-12.055,90.223125
144358,-12.312,90.22375
144359,-12.523,90.224375
144360,-12.709,90.225
144361,-12.881,90.225625
144362,-13.059,90.22625
144363,-13.194,90.226875
144364,-13.269,90.2275
144365,-13.451,90.228125
144366,-13.537,90.22875
144367,-13.564,90.229375
144368,-13.642,90.23
144369,-13.679,90.230625
144370,-13.677,90.23125
144371,-13.623,90.231875
144372,-13.572,90.2325
144373,-13.572,90.233125
144374,-13.615,90.23375
144375,-13.571,90.234375
144376,-13.536,90.235
144377,-13.495,90.235625
144378,-13.424,90.23625
144379,-13.412,90.236875
144380,-13.402,90.2375
144381,-13.379,90.238125
144382,-13.382,90.23875
144383,-13.35,90.239375
144384,-13.318,90.24
144385,-13.413,90.240625
144386,-13.421,90.24125
144387,-13.409,90.241875
144388,-13.412,90.2425
144389,-13.449,90.243125
144390,-13.47,90.24375
144391,-13.477,90.244375
144392,-13.565,90.245
144393,-13.592,90.245625
144394,-13.595,90.24625
144395,-13.615,90.246875
144396,-13.655,90.2475
144397,-13.693,90.248125
144398,-13.724,90.24875
144399,-13.754,90.249375
144400,-13.753,90.25
144401,-13.73,90.250625
144402,-13.709,90.25125
144403,-13.753,90.251875
144404,-13.81,90.2525
144405,-13.854,90.253125
144406,-13.833,90.25375
144407,-13.868,90.254375
144408,-13.956,90.255
144409,-13.933,90.255625
144410,-13.929,90.25625
144411,-13.925,90.256875
144412,-13.888,90.2575
144413,-13.935,90.258125
144414,-13.958,90.25875
144415,-13.925,90.259375
144416,-13.891,90.26
144417,-13.908,90.260625
144418,-13.948,90.26125
144419,-13.918,90.261875
144420,-13.887,90.2625
144421,-13.863,90.263125
144422,-13.849,90.26375
144423,-13.814,90.264375
144424,-13.775,90.265
144425,-13.736,90.265625
144426,-13.716,90.26625
144427,-13.66,90.266875
144428,-13.594,90.2675
144429,-13.553,90.268125
144430,-13.456,90.26875
144431,-13.395,90.269375
144432,-13.398,90.27
144433,-13.32,90.270625
144434,-13.244,90.27125
144435,-13.173,90.271875
144436,-13.119,90.2725
144437,-13.053,90.273125
144438,-12.992,90.27375
144439,-12.951,90.274375
144440,-12.845,90.275
144441,-12.797,90.275625
144442,-12.806,90.27625
144443,-12.772,90.276875
144444,-12.702,90.2775
144445,-12.639,90.278125
144446,-12.649,90.27875
144447,-12.637,90.279375
144448,-12.631,90.28
144449,-12.641,90.280625
144450,-12.635,90.28125
144451,-12.531,90.281875
144452,-12.394,90.2825
144453,-12.435,90.283125
144454,-12.374,90.28375
144455,-12.306,90.284375
144456,-12.293,90.285
144457,-12.251,90.285625
144458,-12.236,90.28625
144459,-12.249,90.286875
144460,-12.249,90.2875
144461,-12.235,90.288125
144462,-12.219,90.28875
144463,-12.216,90.289375
144464,-12.173,90.29
144465,-12.122,90.290625
144466,-12.072,90.29125
144467,-12.136,90.291875
144468,-12.161,90.2925
144469,-12.166,90.293125
144470,-12.213,90.29375
144471,-12.243,90.294375
144472,-12.266,90.295
144473,-12.29,90.295625
144474,-12.31,90.29625
144475,-12.338,90.296875
144476,-12.369,90.2975
144477,-12.372,90.298125
144478,-12.38,90.29875
144479,-12.403,90.299375
144480,-12.464,90.3
144481,-12.477,90.300625
144482,-12.501,90.30125
144483,-12.555,90.301875
144484,-12.535,90.3025
144485,-12.566,90.303125
144486,-12.625,90.30375
144487,-12.638,90.304375
144488,-12.672,90.305
144489,-12.706,90.305625
144490,-12.726,90.30625
144491,-12.693,90.306875
144492,-12.677,90.3075
144493,-12.683,90.308125
144494,-12.727,90.30875
144495,-12.787,90.309375
144496,-12.838,90.31
144497,-12.838,90.310625
144498,-12.863,90.31125
144499,-12.878,90.311875
144500,-12.871,90.3125
144501,-12.912,90.313125
144502,-12.972,90.31375
144503,-13.031,90.314375
144504,-13.01,90.315
144505,-13.094,90.315625
144506,-13.165,90.31625
144507,-13.141,90.316875
144508,-13.152,90.3175
144509,-13.215,90.318125
144510,-13.314,90.31875
144511,-13.284,90.319375
144512,-13.294,90.32
144513,-13.329,90.320625
144514,-13.38,90.32125
144515,-13.388,90.321875
144516,-13.431,90.3225
144517,-13.532,90.323125
144518,-13.573,90.32375
144519,-13.601,90.324375
144520,-13.625,90.325
144521,-13.666,90.325625
144522,-13.681,90.32625
144523,-13.697,90.326875
144524,-13.73,90.3275
144525,-13.724,90.328125
144526,-13.702,90.32875
144527,-13.678,90.329375
144528,-13.755,90.33
144529,-13.808,90.330625
144530,-13.827,90.33125
144531,-13.783,90.331875
144532,-13.819,90.3325
144533,-13.845,90.333125
144534,-13.838,90.33375
144535,-13.771,90.334375
144536,-13.796,90.335
144537,-13.865,90.335625
144538,-13.825,90.33625
144539,-13.784,90.336875
144540,-13.734,90.3375
144541,-13.667,90.338125
144542,-13.686,90.33875
144543,-13.691,90.339375
144544,-13.673,90.34
144545,-13.643,90.340625
144546,-13.605,90.34125
144547,-13.577,90.341875
144548,-13.584,90.3425
144549,-13.503,90.343125
144550,-13.474,90.34375
144551,-13.541,90.344375
144552,-13.46,90.345
144553,-13.399,90.345625
144554,-13.352,90.34625
144555,-13.304,90.346875
144556,-13.27,90.3475
144557,-13.234,90.348125
144558,-13.186,90.34875
144559,-13.158,90.349375
144560,-13.091,90.35
144561,-12.994,90.350625
144562,-12.97,90.35125
144563,-12.903,90.351875
144564,-12.835,90.3525
144565,-12.825,90.353125
144566,-12.781,90.35375
144567,-12.71,90.354375
144568,-12.612,90.355
144569,-12.531,90.355625
144570,-12.462,90.35625
144571,-12.396,90.356875
144572,-12.309,90.3575
144573,-12.228,90.358125
144574,-12.169,90.35875
144575,-12.145,90.359375
144576,-12.006,90.36
144577,-11.9,90.360625
144578,-11.835,90.36125
144579,-11.764,90.361875
144580,-11.696,90.3625
144581,-11.623,90.363125
144582,-11.535,90.36375
144583,-11.442,90.364375
144584,-11.364,90.365
144585,-11.31,90.365625
144586,-11.235,90.36625
144587,-11.143,90.366875
144588,-11.049,90.3675
144589,-11.005,90.368125
144590,-10.951,90.36875
144591,-10.889,90.369375
144592,-10.818,90.37
144593,-10.765,90.370625
144594,-10.706,90.37125
144595,-10.636,90.371875
144596,-10.538,90.3725
144597,-10.49,90.373125
144598,-10.453,90.37375
144599,-10.379,90.374375
144600,-10.375,90.375
144601,-10.358,90.375625
144602,-10.304,90.37625
144603,-10.264,90.376875
144604,-10.221,90.3775
144605,-10.175,90.378125
144606,-10.118,90.37875
144607,-10.052,90.379375
144608,-10.005,90.38
144609,-9.999,90.380625
144610,-9.92,90.38125
144611,-9.88,90.381875
144612,-9.876,90.3825
144613,-9.791,90.383125
144614,-9.766,90.38375
144615,-9.755,90.384375
144616,-9.705,90.385
144617,-9.674,90.385625
144618,-9.671,90.38625
144619,-9.701,90.386875
144620,-9.623,90.3875
144621,-9.571,90.388125
144622,-9.549,90.38875
144623,-9.579,90.389375
144624,-9.54,90.39
144625,-9.504,90.390625
144626,-9.514,90.39125
144627,-9.49,90.391875
144628,-9.464,90.3925
144629,-9.443,90.393125
144630,-9.446,90.39375
144631,-9.468,90.394375
144632,-9.499,90.395
144633,-9.533,90.395625
144634,-9.51,90.39625
144635,-9.452,90.396875
144636,-9.362,90.3975
144637,-9.423,90.398125
144638,-9.432,90.39875
144639,-9.407,90.399375
144640,-9.397,90.4
144641,-9.459,90.400625
144642,-9.488,90.40125
144643,-9.41,90.401875
144644,-9.476,90.4025
144645,-9.52,90.403125
144646,-9.53,90.40375
144647,-9.536,90.404375
144648,-9.525,90.405
144649,-9.52,90.405625
144650,-9.561,90.40625
144651,-9.604,90.406875
144652,-9.644,90.4075
144653,-9.678,90.408125
144654,-9.698,90.40875
144655,-9.708,90.409375
144656,-9.711,90.41
144657,-9.715,90.410625
144658,-9.78,90.41125
144659,-9.832,90.411875
144660,-9.822,90.4125
144661,-9.88,90.413125
144662,-9.915,90.41375
144663,-9.924,90.414375
144664,-9.955,90.415
144665,-9.951,90.415625
144666,-9.953,90.41625
144667,-10.021,90.416875
144668,-10.06,90.4175
144669,-10.1,90.418125
144670,-10.146,90.41875
144671,-10.075,90.419375
144672,-10.052,90.42
144673,-10.069,90.420625
144674,-10.12,90.42125
144675,-10.137,90.421875
144676,-10.125,90.4225
144677,-10.074,90.423125
144678,-10.139,90.42375
144679,-10.184,90.424375
144680,-10.201,90.425
144681,-10.214,90.425625
144682,-10.228,90.42625
144683,-10.246,90.426875
144684,-10.28,90.4275
144685,-10.268,90.428125
144686,-10.245,90.42875
144687,-10.219,90.429375
144688,-10.229,90.43
144689,-10.253,90.430625
144690,-10.275,90.43125
144691,-10.241,90.431875
144692,-10.23,90.4325
144693,-10.222,90.433125
144694,-10.205,90.43375
144695,-10.167,90.434375
144696,-10.159,90.435
144697,-10.173,90.435625
144698,-10.095,90.43625
144699,-10.081,90.436875
144700,-10.095,90.4375
144701,-10.098,90.438125
144702,-10.062,90.43875
144703,-10.038,90.439375
144704,-10.041,90.44
144705,-10.011,90.440625
144706,-9.958,90.44125
144707,-9.903,90.441875
144708,-9.906,90.4425
144709,-9.882,90.443125
144710,-9.843,90.44375
144711,-9.796,90.444375
144712,-9.802,90.445
144713,-9.796,90.445625
144714,-9.767,90.44625
144715,-9.652,90.446875
144716,-9.608,90.4475
144717,-9.603,90.448125
144718,-9.614,90.44875
144719,-9.521,90.449375
144720,-9.433,90.45
144721,-9.376,90.450625
144722,-9.365,90.45125
144723,-9.319,90.451875
144724,-9.252,90.4525
144725,-9.205,90.453125
144726,-9.199,90.45375
144727,-9.166,90.454375
144728,-9.058,90.455
144729,-8.997,90.455625
144730,-8.957,90.45625
144731,-8.929,90.456875
144732,-8.861,90.4575
144733,-8.798,90.458125
144734,-8.739,90.45875
144735,-8.685,90.459375
144736,-8.642,90.46
144737,-8.586,90.460625
144738,-8.509,90.46125
144739,-8.475,90.461875
144740,-8.433,90.4625
144741,-8.382,90.463125
144742,-8.315,90.46375
144743,-8.255,90.464375
144744,-8.203,90.465
144745,-8.162,90.465625
144746,-8.1,90.46625
144747,-8.051,90.466875
144748,-8.016,90.4675
144749,-7.973,90.468125
144750,-7.926,90.46875
144751,-7.883,90.469375
144752,-7.849,90.47
144753,-7.772,90.470625
144754,-7.708,90.47125
144755,-7.67,90.471875
144756,-7.596,90.4725
144757,-7.568,90.473125
144758,-7.564,90.47375
144759,-7.531,90.474375
144760,-7.505,90.475
144761,-7.493,90.475625
144762,-7.503,90.47625
144763,-7.494,90.476875
144764,-7.467,90.4775
144765,-7.424,90.478125
144766,-7.397,90.47875
144767,-7.356,90.479375
144768,-7.314,90.48
144769,-7.283,90.480625
144770,-7.227,90.48125
144771,-7.199,90.481875
144772,-7.216,90.4825
144773,-7.25,90.483125
144774,-7.23,90.48375
144775,-7.173,90.484375
144776,-7.119,90.485
144777,-7.093,90.485625
144778,-7.072,90.48625
144779,-7.041,90.486875
144780,-7.017,90.4875
144781,-7.009,90.488125
144782,-7.015,90.48875
144783,-7.015,90.489375
144784,-6.988,90.49
144785,-6.954,90.490625
144786,-6.941,90.49125
144787,-6.918,90.491875
144788,-6.902,90.4925
144789,-6.895,90.493125
144790,-6.875,90.49375
144791,-6.879,90.494375
144792,-6.887,90.495
144793,-6.844,90.495625
144794,-6.818,90.49625
144795,-6.802,90.496875
144796,-6.795,90.4975
144797,-6.788,90.498125
144798,-6.782,90.49875
144799,-6.772,90.499375
144800,-6.731,90.5
144801,-6.693,90.500625
144802,-6.673,90.50125
144803,-6.704,90.501875
144804,-6.66,90.5025
144805,-6.655,90.503125
144806,-6.717,90.50375
144807,-6.633,90.504375
144808,-6.635,90.505
144809,-6.685,90.505625
144810,-6.685,90.50625
144811,-6.659,90.506875
144812,-6.644,90.5075
144813,-6.664,90.508125
144814,-6.637,90.50875
144815,-6.641,90.509375
144816,-6.681,90.51
144817,-6.742,90.510625
144818,-6.72,90.51125
144819,-6.674,90.511875
144820,-6.671,90.5125
144821,-6.756,90.513125
144822,-6.789,90.51375
144823,-6.732,90.514375
144824,-6.722,90.515
144825,-6.75,90.515625
144826,-6.782,90.51625
144827,-6.711,90.516875
144828,-6.746,90.5175
144829,-6.8,90.518125
144830,-6.831,90.51875
144831,-6.83,90.519375
144832,-6.833,90.52
144833,-6.837,90.520625
144834,-6.776,90.52125
144835,-6.802,90.521875
144836,-6.858,90.5225
144837,-6.882,90.523125
144838,-6.84,90.52375
144839,-6.816,90.524375
144840,-6.833,90.525
144841,-6.86,90.525625
144842,-6.871,90.52625
144843,-6.866,90.526875
144844,-6.835,90.5275
144845,-6.851,90.528125
144846,-6.888,90.52875
144847,-6.935,90.529375
144848,-6.901,90.53
144849,-6.895,90.530625
144850,-6.914,90.53125
144851,-6.864,90.531875
144852,-6.843,90.5325
144853,-6.85,90.533125
144854,-6.898,90.53375
144855,-6.882,90.534375
144856,-6.858,90.535
144857,-6.838,90.535625
144858,-6.821,90.53625
144859,-6.836,90.536875
144860,-6.853,90.5375
144861,-6.779,90.538125
144862,-6.753,90.53875
144863,-6.767,90.539375
144864,-6.824,90.54
144865,-6.8,90.540625
144866,-6.766,90.54125
144867,-6.738,90.541875
144868,-6.796,90.5425
144869,-6.766,90.543125
144870,-6.701,90.54375
144871,-6.654,90.544375
144872,-6.646,90.545
144873,-6.64,90.545625
144874,-6.627,90.54625
144875,-6.641,90.546875
144876,-6.606,90.5475
144877,-6.547,90.548125
144878,-6.531,90.54875
144879,-6.57,90.549375
144880,-6.597,90.55
144881,-6.567,90.550625
144882,-6.549,90.55125
144883,-6.518,90.551875
144884,-6.48,90.5525
144885,-6.494,90.553125
144886,-6.47,90.55375
144887,-6.44,90.554375
144888,-6.436,90.555
144889,-6.43,90.555625
144890,-6.407,90.55625
144891,-6.365,90.556875
144892,-6.439,90.5575
144893,-6.425,90.558125
144894,-6.367,90.55875
144895,-6.388,90.559375
144896,-6.38,90.56
144897,-6.354,90.560625
144898,-6.314,90.56125
144899,-6.333,90.561875
144900,-6.299,90.5625
144901,-6.223,90.563125
144902,-6.25,90.56375
144903,-6.235,90.564375
144904,-6.212,90.565
144905,-6.219,90.565625
144906,-6.272,90.56625
144907,-6.247,90.566875
144908,-6.111,90.5675
144909,-6.185,90.568125
144910,-6.217,90.56875
144911,-6.218,90.569375
144912,-6.208,90.57
144913,-6.177,90.570625
144914,-6.157,90.57125
144915,-6.167,90.571875
144916,-6.183,90.5725
144917,-6.172,90.573125
144918,-6.137,90.57375
144919,-6.124,90.574375
144920,-6.115,90.575
144921,-6.112,90.575625
144922,-6.119,90.57625
144923,-6.154,90.576875
144924,-6.145,90.5775
144925,-6.072,90.578125
144926,-6.075,90.57875
144927,-6.113,90.579375
144928,-6.152,90.58
144929,-6.091,90.580625
144930,-6.084,90.58125
144931,-6.101,90.581875
144932,-6.132,90.5825
144933,-6.071,90.583125
144934,-6.05,90.58375
144935,-6.073,90.584375
144936,-6.09,90.585
144937,-6.093,90.585625
144938,-6.08,90.58625
144939,-6.04,90.586875
144940,-6.022,90.5875
144941,-6.022,90.588125
144942,-6.038,90.58875
144943,-6.052,90.589375
144944,-6.063,90.59
144945,-6.07,90.590625
144946,-6.06,90.59125
144947,-6.024,90.591875
144948,-5.99,90.5925
144949,-5.977,90.593125
144950,-5.982,90.59375
144951,-5.992,90.594375
144952,-6.007,90.595
144953,-6.034,90.595625
144954,-6.02,90.59625
144955,-5.987,90.596875
144956,-5.957,90.5975
144957,-5.92,90.598125
144958,-5.918,90.59875
144959,-5.961,90.599375
144960,-5.931,90.6
144961,-5.969,90.600625
144962,-6.037,90.60125
144963,-6.03,90.601875
144964,-6.0,90.6025
144965,-5.982,90.603125
144966,-5.999,90.60375
144967,-6.022,90.604375
144968,-6.023,90.605
144969,-6.003,90.605625
144970,-5.99,90.60625
144971,-6.022,90.606875
144972,-6.039,90.6075
144973,-5.951,90.608125
144974,-6.007,90.60875
144975,-6.044,90.609375
144976,-6.024,90.61
144977,-6.031,90.610625
144978,-6.037,90.61125
144979,-6.043,90.611875
144980,-6.043,90.6125
144981,-6.061,90.613125
144982,-6.086,90.61375
144983,-6.113,90.614375
144984,-6.074,90.615
144985,-6.04,90.615625
144986,-6.018,90.61625
144987,-6.008,90.616875
144988,-6.009,90.6175
144989,-6.012,90.618125
144990,-6.001,90.61875
144991,-5.994,90.619375
144992,-5.993,90.62
144993,-6.001,90.620625
144994,-6.089,90.62125
144995,-6.088,90.621875
144996,-6.041,90.6225
144997,-6.054,90.623125
144998,-6.016,90.62375
144999,-5.997,90.624375
145000,-6.045,90.625
145001,-6.029,90.625625
145002,-6.003,90.62625
145003,-5.979,90.626875
145004,-6.009,90.6275
145005,-6.014,90.628125
145006,-6.013,90.62875
145007,-6.027,90.629375
145008,-5.994,90.63
145009,-5.99,90.630625
145010,-6.033,90.63125
145011,-5.985,90.631875
145012,-5.989,90.6325
145013,-6.017,90.633125
145014,-6.007,90.63375
145015,-5.981,90.634375
145016,-5.973,90.635
145017,-6.007,90.635625
145018,-5.956,90.63625
145019,-5.933,90.636875
145020,-5.943,90.6375
145021,-5.954,90.638125
145022,-5.95,90.63875
145023,-5.944,90.639375
145024,-5.951,90.64
145025,-5.92,90.640625
145026,-5.92,90.64125
145027,-5.965,90.641875
145028,-5.911,90.6425
145029,-5.882,90.643125
145030,-5.867,90.64375
145031,-5.847,90.644375
145032,-5.806,90.645
145033,-5.79,90.645625
145034,-5.834,90.64625
145035,-5.84,90.646875
145036,-5.835,90.6475
145037,-5.828,90.648125
145038,-5.875,90.64875
145039,-5.876,90.649375
145040,-5.85,90.65
145041,-5.81,90.650625
145042,-5.818,90.65125
145043,-5.841,90.651875
145044,-5.87,90.6525
145045,-5.826,90.653125
145046,-5.837,90.65375
145047,-5.878,90.654375
145048,-5.895,90.655
145049,-5.881,90.655625
145050,-5.865,90.65625
145051,-5.861,90.656875
145052,-5.855,90.6575
145053,-5.851,90.658125
145054,-5.853,90.65875
145055,-5.866,90.659375
145056,-5.871,90.66
145057,-5.88,90.660625
145058,-5.913,90.66125
145059,-5.89,90.661875
145060,-5.882,90.6625
145061,-5.909,90.663125
145062,-5.923,90.66375
145063,-5.934,90.664375
145064,-5.949,90.665
145065,-5.982,90.665625
145066,-5.982,90.66625
145067,-5.968,90.666875
145068,-5.944,90.6675
145069,-5.987,90.668125
145070,-5.995,90.66875
145071,-5.971,90.669375
145072,-5.975,90.67
145073,-5.969,90.670625
145074,-5.962,90.67125
145075,-5.966,90.671875
145076,-6.01,90.6725
145077,-6.028,90.673125
145078,-6.004,90.67375
145079,-5.981,90.674375
145080,-5.959,90.675
145081,-5.952,90.675625
145082,-6.007,90.67625
145083,-6.001,90.676875
145084,-5.974,90.6775
145085,-5.94,90.678125
145086,-5.931,90.67875
145087,-5.912,90.679375
145088,-5.895,90.68
145089,-5.993,90.680625
145090,-5.991,90.68125
145091,-5.96,90.681875
145092,-5.97,90.6825
145093,-6.006,90.683125
145094,-6.008,90.68375
145095,-5.962,90.684375
145096,-5.968,90.685
145097,-6.008,90.685625
145098,-6.051,90.68625
145099,-6.017,90.686875
145100,-5.994,90.6875
145101,-5.995,90.688125
145102,-6.036,90.68875
145103,-6.01,90.689375
145104,-5.99,90.69
145105,-5.979,90.690625
145106,-5.962,90.69125
145107,-6.008,90.691875
145108,-6.068,90.6925
145109,-6.088,90.693125
145110,-6.074,90.69375
145111,-6.052,90.694375
145112,-6.029,90.695
145113,-6.046,90.695625
145114,-6.051,90.69625
145115,-6.054,90.696875
145116,-6.088,90.6975
145117,-6.119,90.698125
145118,-6.126,90.69875
145119,-6.088,90.699375
145120,-6.083,90.7
145121,-6.094,90.700625
145122,-6.118,90.70125
145123,-6.148,90.701875
145124,-6.118,90.7025
145125,-6.087,90.703125
145126,-6.124,90.70375
145127,-6.146,90.704375
145128,-6.139,90.705
145129,-6.096,90.705625
145130,-6.096,90.70625
145131,-6.094,90.706875
145132,-6.099,90.7075
145133,-6.143,90.708125
145134,-6.109,90.70875
145135,-6.073,90.709375
145136,-6.076,90.71
145137,-6.086,90.710625
145138,-6.087,90.71125
145139,-6.078,90.711875
145140,-6.051,90.7125
145141,-6.062,90.713125
145142,-6.069,90.71375
145143,-6.025,90.714375
145144,-6.022,90.715
145145,-6.003,90.715625
145146,-5.957,90.71625
145147,-5.964,90.716875
145148,-5.975,90.7175
145149,-5.975,90.718125
145150,-5.917,90.71875
145151,-5.907,90.719375
145152,-5.914,90.72
145153,-5.927,90.720625
145154,-5.944,90.72125
145155,-5.915,90.721875
145156,-5.848,90.7225
145157,-5.81,90.723125
145158,-5.817,90.72375
145159,-5.838,90.724375
145160,-5.841,90.725
145161,-5.775,90.725625
145162,-5.757,90.72625
145163,-5.813,90.726875
145164,-5.785,90.7275
145165,-5.752,90.728125
145166,-5.722,90.72875
145167,-5.722,90.729375
145168,-5.73,90.73
145169,-5.722,90.730625
145170,-5.682,90.73125
145171,-5.673,90.731875
145172,-5.669,90.7325
145173,-5.669,90.733125
145174,-5.669,90.73375
145175,-5.649,90.734375
145176,-5.631,90.735
145177,-5.648,90.735625
145178,-5.621,90.73625
145179,-5.616,90.736875
145180,-5.644,90.7375
145181,-5.583,90.738125
145182,-5.5,90.73875
145183,-5.415,90.739375
145184,-5.384,90.74
145185,-5.414,90.740625
145186,-5.434,90.74125
145187,-5.403,90.741875
145188,-5.366,90.7425
145189,-5.342,90.743125
145190,-5.326,90.74375
145191,-5.292,90.744375
145192,-5.272,90.745
145193,-5.257,90.745625
145194,-5.237,90.74625
145195,-5.17,90.746875
145196,-5.139,90.7475
145197,-5.162,90.748125
145198,-5.172,90.74875
145199,-5.129,90.749375
145200,-5.058,90.75
145201,-5.018,90.750625
145202,-4.983,90.75125
145203,-4.979,90.751875
145204,-5.03,90.7525
145205,-4.998,90.753125
145206,-4.957,90.75375
145207,-4.922,90.754375
145208,-4.959,90.755
145209,-4.966,90.755625
145210,-4.952,90.75625
145211,-4.922,90.756875
145212,-4.906,90.7575
145213,-4.907,90.758125
145214,-4.925,90.75875
145215,-4.827,90.759375
145216,-4.813,90.76
145217,-4.859,90.760625
145218,-4.93,90.76125
145219,-4.952,90.761875
145220,-4.954,90.7625
145221,-4.947,90.763125
145222,-4.931,90.76375
145223,-4.93,90.764375
145224,-4.943,90.765
145225,-4.957,90.765625
145226,-4.961,90.76625
145227,-4.968,90.766875
145228,-4.995,90.7675
145229,-4.988,90.768125
145230,-4.999,90.76875
145231,-5.041,90.769375
145232,-4.987,90.77
145233,-5.003,90.770625
145234,-5.061,90.77125
145235,-5.112,90.771875
145236,-5.061,90.7725
145237,-5.035,90.773125
145238,-5.11,90.77375
145239,-5.127,90.774375
145240,-5.158,90.775
145241,-5.208,90.775625
145242,-5.283,90.77625
145243,-5.299,90.776875
145244,-5.288,90.7775
145245,-5.278,90.778125
145246,-5.306,90.77875
145247,-5.329,90.779375
145248,-5.34,90.78
145249,-5.381,90.780625
145250,-5.413,90.78125
145251,-5.446,90.781875
145252,-5.503,90.7825
145253,-5.556,90.783125
145254,-5.607,90.78375
145255,-5.661,90.784375
145256,-5.687,90.785
145257,-5.698,90.785625
145258,-5.706,90.78625
145259,-5.777,90.786875
145260,-5.829,90.7875
145261,-5.863,90.788125
145262,-5.87,90.78875
145263,-5.937,90.789375
145264,-6.005,90.79
145265,-6.058,90.790625
145266,-6.085,90.79125
145267,-6.122,90.791875
145268,-6.165,90.7925
145269,-6.202,90.793125
145270,-6.284,90.79375
145271,-6.343,90.794375
145272,-6.34,90.795
145273,-6.477,90.795625
145274,-6.537,90.79625
145275,-6.526,90.796875
145276,-6.563,90.7975
145277,-6.596,90.798125
145278,-6.634,90.79875
145279,-6.695,90.799375
145280,-6.759,90.8
145281,-6.825,90.800625
145282,-6.892,90.80125
145283,-6.936,90.801875
145284,-6.988,90.8025
145285,-7.051,90.803125
145286,-7.139,90.80375
145287,-7.18,90.804375
145288,-7.239,90.805
145289,-7.358,90.805625
145290,-7.361,90.80625
145291,-7.392,90.806875
145292,-7.457,90.8075
145293,-7.555,90.808125
145294,-7.627,90.80875
145295,-7.683,90.809375
145296,-7.727,90.81
145297,-7.812,90.810625
145298,-7.894,90.81125
145299,-7.964,90.811875
145300,-8.001,90.8125
145301,-8.051,90.813125
145302,-8.119,90.81375
145303,-8.23,90.814375
145304,-8.287,90.815
145305,-8.339,90.815625
145306,-8.414,90.81625
145307,-8.52,90.816875
145308,-8.575,90.8175
145309,-8.593,90.818125
145310,-8.701,90.81875
145311,-8.814,90.819375
145312,-8.907,90.82
145313,-8.944,90.820625
145314,-9.002,90.82125
145315,-9.079,90.821875
145316,-9.174,90.8225
145317,-9.154,90.823125
145318,-9.214,90.82375
145319,-9.309,90.824375
145320,-9.336,90.825
145321,-9.381,90.825625
145322,-9.413,90.82625
145323,-9.409,90.826875
145324,-9.451,90.8275
145325,-9.482,90.828125
145326,-9.508,90.82875
145327,-9.583,90.829375
145328,-9.575,90.83
145329,-9.55,90.830625
145330,-9.573,90.83125
145331,-9.612,90.831875
145332,-9.627,90.8325
145333,-9.611,90.833125
145334,-9.635,90.83375
145335,-9.642,90.834375
145336,-9.645,90.835
145337,-9.675,90.835625
145338,-9.687,90.83625
145339,-9.676,90.836875
145340,-9.632,90.8375
145341,-9.655,90.838125
145342,-9.677,90.83875
145343,-9.691,90.839375
145344,-9.68,90.84
145345,-9.659,90.840625
145346,-9.633,90.84125
145347,-9.609,90.841875
145348,-9.574,90.8425
145349,-9.548,90.843125
145350,-9.539,90.84375
145351,-9.58,90.844375
145352,-9.559,90.845
145353,-9.516,90.845625
145354,-9.55,90.84625
145355,-9.545,90.846875
145356,-9.517,90.8475
145357,-9.469,90.848125
145358,-9.403,90.84875
145359,-9.353,90.849375
145360,-9.317,90.85
145361,-9.259,90.850625
145362,-9.256,90.85125
145363,-9.234,90.851875
145364,-9.102,90.8525
145365,-9.095,90.853125
145366,-9.063,90.85375
145367,-8.971,90.854375
145368,-8.887,90.855
145369,-8.788,90.855625
145370,-8.687,90.85625
145371,-8.616,90.856875
145372,-8.514,90.8575
145373,-8.461,90.858125
145374,-8.515,90.85875
145375,-8.414,90.859375
145376,-8.338,90.86
145377,-8.287,90.860625
145378,-8.182,90.86125
145379,-8.08,90.861875
145380,-7.992,90.8625
145381,-7.942,90.863125
145382,-7.819,90.86375
145383,-7.716,90.864375
145384,-7.655,90.865
145385,-7.591,90.865625
145386,-7.523,90.86625
145387,-7.457,90.866875
145388,-7.417,90.8675
145389,-7.269,90.868125
145390,-7.157,90.86875
145391,-7.168,90.869375
145392,-7.152,90.87
145393,-7.116,90.870625
145394,-7.061,90.87125
145395,-7.0,90.871875
145396,-6.961,90.8725
145397,-6.918,90.873125
145398,-6.844,90.87375
145399,-6.821,90.874375
145400,-6.796,90.875
145401,-6.756,90.875625
145402,-6.722,90.87625
145403,-6.731,90.876875
145404,-6.762,90.8775
145405,-6.765,90.878125
145406,-6.753,90.87875
145407,-6.729,90.879375
145408,-6.692,90.88
145409,-6.693,90.880625
145410,-6.661,90.88125
145411,-6.605,90.881875
145412,-6.622,90.8825
145413,-6.599,90.883125
145414,-6.557,90.88375
145415,-6.509,90.884375
145416,-6.488,90.885
145417,-6.501,90.885625
145418,-6.549,90.88625
145419,-6.492,90.886875
145420,-6.479,90.8875
145421,-6.488,90.888125
145422,-6.461,90.88875
145423,-6.486,90.889375
145424,-6.507,90.89
145425,-6.494,90.890625
145426,-6.493,90.89125
145427,-6.463,90.891875
145428,-6.417,90.8925
145429,-6.464,90.893125
145430,-6.488,90.89375
145431,-6.495,90.894375
145432,-6.485,90.895
145433,-6.489,90.895625
145434,-6.503,90.89625
145435,-6.528,90.896875
145436,-6.568,90.8975
145437,-6.596,90.898125
145438,-6.616,90.89875
145439,-6.633,90.899375
145440,-6.689,90.9
145441,-6.73,90.900625
145442,-6.723,90.90125
145443,-6.742,90.901875
145444,-6.753,90.9025
145445,-6.758,90.903125
145446,-6.775,90.90375
145447,-6.818,90.904375
145448,-6.873,90.905
145449,-6.93,90.905625
145450,-6.933,90.90625
145451,-6.941,90.906875
145452,-6.967,90.9075
145453,-6.957,90.908125
145454,-6.951,90.90875
145455,-6.956,90.909375
145456,-7.0,90.91
145457,-7.01,90.910625
145458,-7.014,90.91125
145459,-7.024,90.911875
145460,-7.031,90.9125
145461,-7.031,90.913125
145462,-7.03,90.91375
145463,-7.084,90.914375
145464,-7.057,90.915
145465,-7.005,90.915625
145466,-6.984,90.91625
145467,-7.025,90.916875
145468,-7.043,90.9175
145469,-7.02,90.918125
145470,-7.03,90.91875
145471,-6.975,90.919375
145472,-6.898,90.92
145473,-6.911,90.920625
145474,-6.881,90.92125
145475,-6.87,90.921875
145476,-6.921,90.9225
145477,-6.93,90.923125
145478,-6.927,90.92375
145479,-6.91,90.924375
145480,-6.87,90.925
145481,-6.859,90.925625
145482,-6.837,90.92625
145483,-6.746,90.926875
145484,-6.784,90.9275
145485,-6.805,90.928125
145486,-6.776,90.92875
145487,-6.772,90.929375
145488,-6.771,90.93
145489,-6.768,90.930625
145490,-6.755,90.93125
145491,-6.731,90.931875
145492,-6.713,90.9325
145493,-6.713,90.933125
145494,-6.691,90.93375
145495,-6.676,90.934375
145496,-6.664,90.935
145497,-6.607,90.935625
145498,-6.64,90.93625
145499,-6.698,90.936875
145500,-6.711,90.9375
145501,-6.684,90.938125
145502,-6.673,90.93875
145503,-6.689,90.939375
145504,-6.655,90.94
145505,-6.703,90.940625
145506,-6.768,90.94125
145507,-6.677,90.941875
145508,-6.677,90.9425
145509,-6.707,90.943125
145510,-6.745,90.94375
145511,-6.674,90.944375
145512,-6.63,90.945
145513,-6.616,90.945625
145514,-6.599,90.94625
145515,-6.608,90.946875
145516,-6.621,90.9475
145517,-6.618,90.948125
145518,-6.612,90.94875
145519,-6.604,90.949375
145520,-6.592,90.95
145521,-6.525,90.950625
145522,-6.557,90.95125
145523,-6.62,90.951875
145524,-6.532,90.9525
145525,-6.523,90.953125
145526,-6.54,90.95375
145527,-6.563,90.954375
145528,-6.546,90.955
145529,-6.529,90.955625
145530,-6.517,90.95625
145531,-6.517,90.956875
145532,-6.519,90.9575
145533,-6.527,90.958125
145534,-6.548,90.95875
145535,-6.536,90.959375
145536,-6.534,90.96
145537,-6.551,90.960625
145538,-6.561,90.96125
145539,-6.559,90.961875
145540,-6.549,90.9625
145541,-6.539,90.963125
145542,-6.544,90.96375
145543,-6.548,90.964375
145544,-6.541,90.965
145545,-6.607,90.965625
145546,-6.636,90.96625
145547,-6.625,90.966875
145548,-6.605,90.9675
145549,-6.594,90.968125
145550,-6.594,90.96875
145551,-6.615,90.969375
145552,-6.62,90.97
145553,-6.603,90.970625
145554,-6.561,90.97125
145555,-6.598,90.971875
145556,-6.594,90.9725
145557,-6.574,90.973125
145558,-6.598,90.97375
145559,-6.606,90.974375
145560,-6.601,90.975
145561,-6.581,90.975625
145562,-6.589,90.97625
145563,-6.636,90.976875
145564,-6.705,90.9775
145565,-6.668,90.978125
145566,-6.649,90.97875
145567,-6.641,90.979375
145568,-6.637,90.98
145569,-6.637,90.980625
145570,-6.672,90.98125
145571,-6.751,90.981875
145572,-6.741,90.9825
145573,-6.745,90.983125
145574,-6.746,90.98375
145575,-6.692,90.984375
145576,-6.714,90.985
145577,-6.746,90.985625
145578,-6.756,90.98625
145579,-6.804,90.986875
145580,-6.814,90.9875
145581,-6.795,90.988125
145582,-6.842,90.98875
145583,-6.848,90.989375
145584,-6.837,90.99
145585,-6.834,90.990625
145586,-6.842,90.99125
145587,-6.893,90.991875
145588,-6.995,90.9925
145589,-6.948,90.993125
145590,-6.917,90.99375
145591,-6.903,90.994375
145592,-6.916,90.995
145593,-6.943,90.995625
145594,-6.955,90.99625
145595,-6.935,90.996875
145596,-6.953,90.9975
145597,-6.969,90.998125
145598,-6.983,90.99875
145599,-6.993,90.999375
145600,-7.031,91.0
145601,-7.04,91.000625
145602,-6.939,91.00125
145603,-7.019,91.001875
145604,-7.064,91.0025
145605,-7.025,91.003125
145606,-7.045,91.00375
145607,-7.047,91.004375
145608,-7.036,91.005
145609,-7.023,91.005625
145610,-7.043,91.00625
145611,-7.05,91.006875
145612,-7.013,91.0075
145613,-7.01,91.008125
145614,-7.038,91.00875
145615,-7.09,91.009375
145616,-7.117,91.01
145617,-7.123,91.010625
145618,-7.102,91.01125
145619,-7.035,91.011875
145620,-7.111,91.0125
145621,-7.148,91.013125
145622,-7.101,91.01375
145623,-7.101,91.014375
145624,-7.105,91.015
145625,-7.11,91.015625
145626,-7.103,91.01625
145627,-7.078,91.016875
145628,-7.06,91.0175
145629,-7.067,91.018125
145630,-7.036,91.01875
145631,-7.023,91.019375
145632,-7.029,91.02
145633,-7.022,91.020625
145634,-6.985,91.02125
145635,-6.952,91.021875
145636,-6.965,91.0225
145637,-6.964,91.023125
145638,-6.952,91.02375
145639,-6.928,91.024375
145640,-6.884,91.025
145641,-6.86,91.025625
145642,-6.849,91.02625
145643,-6.832,91.026875
145644,-6.815,91.0275
145645,-6.779,91.028125
145646,-6.708,91.02875
145647,-6.77,91.029375
145648,-6.757,91.03
145649,-6.677,91.030625
145650,-6.701,91.03125
145651,-6.674,91.031875
145652,-6.626,91.0325
145653,-6.585,91.033125
145654,-6.542,91.03375
145655,-6.542,91.034375
145656,-6.596,91.035
145657,-6.475,91.035625
145658,-6.432,91.03625
145659,-6.434,91.036875
145660,-6.4,91.0375
145661,-6.356,91.038125
145662,-6.322,91.03875
145663,-6.312,91.039375
145664,-6.317,91.04
145665,-6.301,91.040625
145666,-6.263,91.04125
145667,-6.216,91.041875
145668,-6.208,91.0425
145669,-6.201,91.043125
145670,-6.147,91.04375
145671,-6.15,91.044375
145672,-6.129,91.045
145673,-6.062,91.045625
145674,-6.038,91.04625
145675,-6.041,91.046875
145676,-6.039,91.0475
145677,-5.941,91.048125
145678,-5.931,91.04875
145679,-5.947,91.049375
145680,-5.961,91.05
145681,-5.908,91.050625
145682,-5.873,91.05125
145683,-5.861,91.051875
145684,-5.865,91.0525
145685,-5.824,91.053125
145686,-5.769,91.05375
145687,-5.728,91.054375
145688,-5.711,91.055
145689,-5.713,91.055625
145690,-5.735,91.05625
145691,-5.661,91.056875
145692,-5.619,91.0575
145693,-5.6,91.058125
145694,-5.586,91.05875
145695,-5.581,91.059375
145696,-5.59,91.06
145697,-5.624,91.060625
145698,-5.576,91.06125
145699,-5.536,91.061875
145700,-5.508,91.0625
145701,-5.478,91.063125
145702,-5.448,91.06375
145703,-5.428,91.064375
145704,-5.438,91.065
145705,-5.405,91.065625
145706,-5.392,91.06625
145707,-5.415,91.066875
145708,-5.35,91.0675
145709,-5.321,91.068125
145710,-5.308,91.06875
145711,-5.271,91.069375
145712,-5.278,91.07
145713,-5.286,91.070625
145714,-5.273,91.07125
145715,-5.241,91.071875
145716,-5.195,91.0725
145717,-5.143,91.073125
145718,-5.15,91.07375
145719,-5.143,91.074375
145720,-5.144,91.075
145721,-5.184,91.075625
145722,-5.145,91.07625
145723,-5.123,91.076875
145724,-5.142,91.0775
145725,-5.119,91.078125
145726,-5.069,91.07875
145727,-5.015,91.079375
145728,-5.025,91.08
145729,-5.012,91.080625
145730,-4.977,91.08125
145731,-4.913,91.081875
145732,-4.984,91.0825
145733,-4.999,91.083125
145734,-4.963,91.08375
145735,-5.038,91.084375
145736,-5.006,91.085
145737,-4.956,91.085625
145738,-4.993,91.08625
145739,-4.985,91.086875
145740,-4.993,91.0875
145741,-5.033,91.088125
145742,-5.043,91.08875
145743,-5.009,91.089375
145744,-4.954,91.09
145745,-4.94,91.090625
145746,-4.96,91.09125
145747,-4.982,91.091875
145748,-4.989,91.0925
145749,-4.983,91.093125
145750,-4.996,91.09375
145751,-5.02,91.094375
145752,-4.99,91.095
145753,-4.971,91.095625
145754,-4.959,91.09625
145755,-4.952,91.096875
145756,-4.96,91.0975
145757,-4.967,91.098125
145758,-4.971,91.09875
145759,-4.984,91.099375
145760,-4.983,91.1
145761,-4.968,91.100625
145762,-4.931,91.10125
145763,-4.984,91.101875
145764,-5.033,91.1025
145765,-5.019,91.103125
145766,-4.971,91.10375
145767,-4.972,91.104375
145768,-5.019,91.105
145769,-5.026,91.105625
145770,-5.042,91.10625
145771,-5.064,91.106875
145772,-5.091,91.1075
145773,-5.103,91.108125
145774,-5.095,91.10875
145775,-5.062,91.109375
145776,-5.078,91.11
145777,-5.067,91.110625
145778,-5.052,91.11125
145779,-5.106,91.111875
145780,-5.16,91.1125
145781,-5.207,91.113125
145782,-5.241,91.11375
145783,-5.199,91.114375
145784,-5.195,91.115
145785,-5.238,91.115625
145786,-5.329,91.11625
145787,-5.338,91.116875
145788,-5.307,91.1175
145789,-5.277,91.118125
145790,-5.372,91.11875
145791,-5.416,91.119375
145792,-5.363,91.12
145793,-5.384,91.120625
145794,-5.414,91.12125
145795,-5.454,91.121875
145796,-5.504,91.1225
145797,-5.545,91.123125
145798,-5.578,91.12375
145799,-5.605,91.124375
145800,-5.667,91.125
145801,-5.69,91.125625
145802,-5.678,91.12625
145803,-5.715,91.126875
145804,-5.745,91.1275
145805,-5.78,91.128125
145806,-5.838,91.12875
145807,-5.841,91.129375
145808,-5.854,91.13
145809,-5.895,91.130625
145810,-5.901,91.13125
145811,-5.922,91.131875
145812,-5.953,91.1325
145813,-5.983,91.133125
145814,-6.032,91.13375
145815,-6.082,91.134375
145816,-6.126,91.135
145817,-6.129,91.135625
145818,-6.145,91.13625
145819,-6.173,91.136875
145820,-6.183,91.1375
145821,-6.214,91.138125
145822,-6.256,91.13875
145823,-6.3,91.139375
145824,-6.364,91.14
145825,-6.401,91.140625
145826,-6.398,91.14125
145827,-6.452,91.141875
145828,-6.474,91.1425
145829,-6.477,91.143125
145830,-6.494,91.14375
145831,-6.544,91.144375
145832,-6.611,91.145
145833,-6.689,91.145625
145834,-6.741,91.14625
145835,-6.783,91.146875
145836,-6.816,91.1475
145837,-6.844,91.148125
145838,-6.882,91.14875
145839,-6.922,91.149375
145840,-6.953,91.15
145841,-7.043,91.150625
145842,-7.107,91.15125
145843,-7.121,91.151875
145844,-7.182,91.1525
145845,-7.209,91.153125
145846,-7.233,91.15375
145847,-7.355,91.154375
145848,-7.391,91.155
145849,-7.4,91.155625
145850,-7.407,91.15625
145851,-7.499,91.156875
145852,-7.553,91.1575
145853,-7.566,91.158125
145854,-7.569,91.15875
145855,-7.621,91.159375
145856,-7.696,91.16
145857,-7.774,91.160625
145858,-7.8,91.16125
145859,-7.811,91.161875
145860,-7.816,91.1625
145861,-7.904,91.163125
145862,-7.983,91.16375
145863,-8.046,91.164375
145864,-8.052,91.165
145865,-8.07,91.165625
145866,-8.09,91.16625
145867,-8.11,91.166875
145868,-8.127,91.1675
145869,-8.184,91.168125
145870,-8.272,91.16875
145871,-8.295,91.169375
145872,-8.312,91.17
145873,-8.336,91.170625
145874,-8.39,91.17125
145875,-8.436,91.171875
145876,-8.451,91.1725
145877,-8.428,91.173125
145878,-8.469,91.17375
145879,-8.493,91.174375
145880,-8.51,91.175
145881,-8.54,91.175625
145882,-8.537,91.17625
145883,-8.536,91.176875
145884,-8.56,91.1775
145885,-8.577,91.178125
145886,-8.606,91.17875
145887,-8.645,91.179375
145888,-8.665,91.18
145889,-8.676,91.180625
145890,-8.671,91.18125
145891,-8.63,91.181875
145892,-8.644,91.1825
145893,-8.669,91.183125
145894,-8.696,91.18375
145895,-8.682,91.184375
145896,-8.675,91.185
145897,-8.667,91.185625
145898,-8.64,91.18625
145899,-8.682,91.186875
145900,-8.731,91.1875
145901,-8.752,91.188125
145902,-8.756,91.18875
145903,-8.727,91.189375
145904,-8.679,91.19
145905,-8.757,91.190625
145906,-8.798,91.19125
145907,-8.815,91.191875
145908,-8.815,91.1925
145909,-8.79,91.193125
145910,-8.774,91.19375
145911,-8.777,91.194375
145912,-8.787,91.195
145913,-8.775,91.195625
145914,-8.75,91.19625
145915,-8.733,91.196875
145916,-8.724,91.1975
145917,-8.743,91.198125
145918,-8.811,91.19875
145919,-8.819,91.199375
145920,-8.805,91.2
145921,-8.779,91.200625
145922,-8.796,91.20125
145923,-8.776,91.201875
145924,-8.755,91.2025
145925,-8.778,91.203125
145926,-8.81,91.20375
145927,-8.825,91.204375
145928,-8.815,91.205
145929,-8.795,91.205625
145930,-8.819,91.20625
145931,-8.867,91.206875
145932,-8.887,91.2075
145933,-8.879,91.208125
145934,-8.879,91.20875
145935,-8.909,91.209375
145936,-8.921,91.21
145937,-8.917,91.210625
145938,-8.898,91.21125
145939,-8.854,91.211875
145940,-8.849,91.2125
145941,-8.873,91.213125
145942,-8.927,91.21375
145943,-8.938,91.214375
145944,-8.926,91.215
145945,-8.892,91.215625
145946,-8.913,91.21625
145947,-8.939,91.216875
145948,-8.958,91.2175
145949,-8.924,91.218125
145950,-8.939,91.21875
145951,-8.95,91.219375
145952,-8.923,91.22
145953,-8.94,91.220625
145954,-8.932,91.22125
145955,-8.906,91.221875
145956,-8.953,91.2225
145957,-8.944,91.223125
145958,-8.916,91.22375
145959,-8.916,91.224375
145960,-8.91,91.225
145961,-8.904,91.225625
145962,-8.897,91.22625
145963,-8.921,91.226875
145964,-8.924,91.2275
145965,-8.908,91.228125
145966,-8.864,91.22875
145967,-8.872,91.229375
145968,-8.875,91.23
145969,-8.837,91.230625
145970,-8.828,91.23125
145971,-8.806,91.231875
145972,-8.772,91.2325
145973,-8.769,91.233125
145974,-8.772,91.23375
145975,-8.779,91.234375
145976,-8.786,91.235
145977,-8.818,91.235625
145978,-8.806,91.23625
145979,-8.729,91.236875
145980,-8.719,91.2375
145981,-8.747,91.238125
145982,-8.778,91.23875
145983,-8.7,91.239375
145984,-8.679,91.24
145985,-8.681,91.240625
145986,-8.695,91.24125
145987,-8.652,91.241875
145988,-8.606,91.2425
145989,-8.571,91.243125
145990,-8.625,91.24375
145991,-8.616,91.244375
145992,-8.586,91.245
145993,-8.586,91.245625
145994,-8.546,91.24625
145995,-8.516,91.246875
145996,-8.509,91.2475
145997,-8.546,91.248125
145998,-8.56,91.24875
145999,-8.552,91.249375
146000,-8.521,91.25
146001,-8.519,91.250625
146002,-8.525,91.25125
146003,-8.528,91.251875
146004,-8.478,91.2525
146005,-8.44,91.253125
146006,-8.419,91.25375
146007,-8.433,91.254375
146008,-8.435,91.255
146009,-8.426,91.255625
146010,-8.403,91.25625
146011,-8.416,91.256875
146012,-8.41,91.2575
146013,-8.37,91.258125
146014,-8.397,91.25875
146015,-8.392,91.259375
146016,-8.365,91.26
146017,-8.334,91.260625
146018,-8.378,91.26125
146019,-8.411,91.261875
146020,-8.377,91.2625
146021,-8.372,91.263125
146022,-8.404,91.26375
146023,-8.463,91.264375
146024,-8.433,91.265
146025,-8.384,91.265625
146026,-8.333,91.26625
146027,-8.299,91.266875
146028,-8.356,91.2675
146029,-8.416,91.268125
146030,-8.456,91.26875
146031,-8.446,91.269375
146032,-8.422,91.27
146033,-8.405,91.270625
146034,-8.469,91.27125
146035,-8.488,91.271875
146036,-8.499,91.2725
146037,-8.526,91.273125
146038,-8.55,91.27375
146039,-8.56,91.274375
146040,-8.554,91.275
146041,-8.527,91.275625
146042,-8.587,91.27625
146043,-8.663,91.276875
146044,-8.666,91.2775
146045,-8.715,91.278125
146046,-8.758,91.27875
146047,-8.782,91.279375
146048,-8.806,91.28
146049,-8.803,91.280625
146050,-8.807,91.28125
146051,-8.922,91.281875
146052,-8.978,91.2825
146053,-9.013,91.283125
146054,-9.043,91.28375
146055,-9.098,91.284375
146056,-9.123,91.285
146057,-9.122,91.285625
146058,-9.172,91.28625
146059,-9.246,91.286875
146060,-9.316,91.2875
146061,-9.347,91.288125
146062,-9.386,91.28875
146063,-9.454,91.289375
146064,-9.558,91.29
146065,-9.598,91.290625
146066,-9.655,91.29125
146067,-9.716,91.291875
146068,-9.743,91.2925
146069,-9.834,91.293125
146070,-9.93,91.29375
146071,-9.998,91.294375
146072,-10.065,91.295
146073,-10.09,91.295625
146074,-10.085,91.29625
146075,-10.193,91.296875
146076,-10.308,91.2975
146077,-10.407,91.298125
146078,-10.451,91.29875
146079,-10.509,91.299375
146080,-10.58,91.3
146081,-10.664,91.300625
146082,-10.752,91.30125
146083,-10.818,91.301875
146084,-10.88,91.3025
146085,-10.995,91.303125
146086,-11.046,91.30375
146087,-11.119,91.304375
146088,-11.274,91.305
146089,-11.349,91.305625
146090,-11.432,91.30625
146091,-11.529,91.306875
146092,-11.624,91.3075
146093,-11.7,91.308125
146094,-11.761,91.30875
146095,-11.802,91.309375
146096,-11.93,91.31
146097,-12.031,91.310625
146098,-12.072,91.31125
146099,-12.17,91.311875
146100,-12.314,91.3125
146101,-12.466,91.313125
146102,-12.503,91.31375
146103,-12.586,91.314375
146104,-12.692,91.315
146105,-12.814,91.315625
146106,-12.855,91.31625
146107,-12.917,91.316875
146108,-13.01,91.3175
146109,-13.122,91.318125
146110,-13.22,91.31875
146111,-13.308,91.319375
146112,-13.385,91.32
146113,-13.503,91.320625
146114,-13.598,91.32125
146115,-13.652,91.321875
146116,-13.764,91.3225
146117,-13.838,91.323125
146118,-13.897,91.32375
146119,-14.015,91.324375
146120,-14.098,91.325
146121,-14.171,91.325625
146122,-14.249,91.32625
146123,-14.327,91.326875
146124,-14.423,91.3275
146125,-14.537,91.328125
146126,-14.642,91.32875
146127,-14.672,91.329375
146128,-14.702,91.33
146129,-14.841,91.330625
146130,-14.94,91.33125
146131,-15.0,91.331875
146132,-15.017,91.3325
146133,-15.132,91.333125
146134,-15.231,91.33375
146135,-15.309,91.334375
146136,-15.339,91.335
146137,-15.406,91.335625
146138,-15.482,91.33625
146139,-15.556,91.336875
146140,-15.562,91.3375
146141,-15.562,91.338125
146142,-15.57,91.33875
146143,-15.662,91.339375
146144,-15.723,91.34
146145,-15.751,91.340625
146146,-15.72,91.34125
146147,-15.718,91.341875
146148,-15.726,91.3425
146149,-15.739,91.343125
146150,-15.695,91.34375
146151,-15.723,91.344375
146152,-15.781,91.345
146153,-15.744,91.345625
146154,-15.737,91.34625
146155,-15.718,91.346875
146156,-15.654,91.3475
146157,-15.645,91.348125
146158,-15.627,91.34875
146159,-15.599,91.349375
146160,-15.64,91.35
146161,-15.612,91.350625
146162,-15.549,91.35125
146163,-15.478,91.351875
146164,-15.501,91.3525
146165,-15.493,91.353125
146166,-15.419,91.35375
146167,-15.398,91.354375
146168,-15.382,91.355
146169,-15.358,91.355625
146170,-15.28,91.35625
146171,-15.225,91.356875
146172,-15.159,91.3575
146173,-15.058,91.358125
146174,-15.006,91.35875
146175,-14.971,91.359375
146176,-14.951,91.36
146177,-14.975,91.360625
146178,-14.919,91.36125
146179,-14.837,91.361875
146180,-14.79,91.3625
146181,-14.742,91.363125
146182,-14.706,91.36375
146183,-14.686,91.364375
146184,-14.625,91.365
146185,-14.56,91.365625
146186,-14.494,91.36625
146187,-14.437,91.366875
146188,-14.382,91.3675
146189,-14.344,91.368125
146190,-14.337,91.36875
146191,-14.287,91.369375
146192,-14.226,91.37
146193,-14.16,91.370625
146194,-14.109,91.37125
146195,-14.158,91.371875
146196,-14.215,91.3725
146197,-14.151,91.373125
146198,-14.106,91.37375
146199,-14.083,91.374375
146200,-14.083,91.375
146201,-14.032,91.375625
146202,-13.995,91.37625
146203,-13.961,91.376875
146204,-13.89,91.3775
146205,-13.928,91.378125
146206,-13.952,91.37875
146207,-13.878,91.379375
146208,-13.813,91.38
146209,-13.769,91.380625
146210,-13.748,91.38125
146211,-13.755,91.381875
146212,-13.755,91.3825
146213,-13.726,91.383125
146214,-13.621,91.38375
146215,-13.604,91.384375
146216,-13.598,91.385
146217,-13.585,91.385625
146218,-13.514,91.38625
146219,-13.447,91.386875
146220,-13.386,91.3875
146221,-13.342,91.388125
146222,-13.346,91.38875
146223,-13.332,91.389375
146224,-13.251,91.39
146225,-13.214,91.390625
146226,-13.185,91.39125
146227,-13.163,91.391875
146228,-13.16,91.3925
146229,-13.091,91.393125
146230,-13.019,91.39375
146231,-13.036,91.394375
146232,-13.028,91.395
146233,-13.004,91.395625
146234,-12.967,91.39625
146235,-12.882,91.396875
146236,-12.859,91.3975
146237,-12.858,91.398125
146238,-12.754,91.39875
146239,-12.722,91.399375
146240,-12.696,91.4
146241,-12.632,91.400625
146242,-12.624,91.40125
146243,-12.597,91.401875
146244,-12.543,91.4025
146245,-12.462,91.403125
146246,-12.417,91.40375
146247,-12.395,91.404375
146248,-12.384,91.405
146249,-12.357,91.405625
146250,-12.323,91.40625
146251,-12.282,91.406875
146252,-12.221,91.4075
146253,-12.153,91.408125
146254,-12.091,91.40875
146255,-12.091,91.409375
146256,-12.07,91.41
146257,-12.049,91.410625
146258,-12.039,91.41125
146259,-12.038,91.411875
146260,-12.013,91.4125
146261,-11.963,91.413125
146262,-11.926,91.41375
146263,-11.9,91.414375
146264,-11.869,91.415
146265,-11.804,91.415625
146266,-11.831,91.41625
146267,-11.856,91.416875
146268,-11.856,91.4175
146269,-11.738,91.418125
146270,-11.683,91.41875
146271,-11.66,91.419375
146272,-11.579,91.42
146273,-11.534,91.420625
146274,-11.497,91.42125
146275,-11.453,91.421875
146276,-11.381,91.4225
146277,-11.306,91.423125
146278,-11.237,91.42375
146279,-11.224,91.424375
146280,-11.185,91.425
146281,-11.141,91.425625
146282,-11.114,91.42625
146283,-11.019,91.426875
146284,-10.935,91.4275
146285,-10.884,91.428125
146286,-10.877,91.42875
146287,-10.861,91.429375
146288,-10.823,91.43
146289,-10.715,91.430625
146290,-10.665,91.43125
146291,-10.628,91.431875
146292,-10.577,91.4325
146293,-10.489,91.433125
146294,-10.422,91.43375
146295,-10.376,91.434375
146296,-10.315,91.435
146297,-10.282,91.435625
146298,-10.238,91.43625
146299,-10.123,91.436875
146300,-10.101,91.4375
146301,-10.08,91.438125
146302,-10.036,91.43875
146303,-9.959,91.439375
146304,-9.895,91.44
146305,-9.845,91.440625
146306,-9.814,91.44125
146307,-9.771,91.441875
146308,-9.737,91.4425
146309,-9.731,91.443125
146310,-9.687,91.44375
146311,-9.646,91.444375
146312,-9.607,91.445
146313,-9.505,91.445625
146314,-9.489,91.44625
146315,-9.501,91.446875
146316,-9.468,91.4475
146317,-9.406,91.448125
146318,-9.342,91.44875
146319,-9.285,91.449375
146320,-9.288,91.45
146321,-9.268,91.450625
146322,-9.231,91.45125
146323,-9.197,91.451875
146324,-9.159,91.4525
146325,-9.115,91.453125
146326,-9.064,91.45375
146327,-9.066,91.454375
146328,-9.035,91.455
146329,-8.977,91.455625
146330,-9.017,91.45625
146331,-8.979,91.456875
146332,-8.928,91.4575
146333,-8.955,91.458125
146334,-8.928,91.45875
146335,-8.87,91.459375
146336,-8.782,91.46
146337,-8.809,91.460625
146338,-8.816,91.46125
146339,-8.803,91.461875
146340,-8.759,91.4625
146341,-8.705,91.463125
146342,-8.661,91.46375
146343,-8.644,91.464375
146344,-8.606,91.465
146345,-8.53,91.465625
146346,-8.431,91.46625
146347,-8.468,91.466875
146348,-8.44,91.4675
146349,-8.379,91.468125
146350,-8.318,91.46875
146351,-8.249,91.469375
146352,-8.214,91.47
146353,-8.231,91.470625
146354,-8.15,91.47125
146355,-8.069,91.471875
146356,-7.996,91.4725
146357,-7.962,91.473125
146358,-7.918,91.47375
146359,-7.861,91.474375
146360,-7.783,91.475
146361,-7.73,91.475625
146362,-7.676,91.47625
146363,-7.618,91.476875
146364,-7.561,91.4775
146365,-7.497,91.478125
146366,-7.411,91.47875
146367,-7.273,91.479375
146368,-7.176,91.48
146369,-7.12,91.480625
146370,-7.106,91.48125
146371,-7.059,91.481875
146372,-6.964,91.4825
146373,-6.841,91.483125
146374,-6.743,91.48375
146375,-6.673,91.484375
146376,-6.596,91.485
146377,-6.488,91.485625
146378,-6.429,91.48625
146379,-6.335,91.486875
146380,-6.206,91.4875
146381,-6.148,91.488125
146382,-6.055,91.48875
146383,-5.939,91.489375
146384,-5.811,91.49
146385,-5.764,91.490625
146386,-5.659,91.49125
146387,-5.45,91.491875
146388,-5.415,91.4925
146389,-5.342,91.493125
146390,-5.231,91.49375
146391,-5.069,91.494375
146392,-5.003,91.495
146393,-4.937,91.495625
146394,-4.809,91.49625
146395,-4.662,91.496875
146396,-4.533,91.4975
146397,-4.425,91.498125
146398,-4.31,91.49875
146399,-4.159,91.499375
146400,-4.011,91.5
146401,-3.926,91.500625
146402,-3.797,91.50125
146403,-3.66,91.501875
146404,-3.525,91.5025
146405,-3.393,91.503125
146406,-3.284,91.50375
146407,-3.183,91.504375
146408,-3.031,91.505
146409,-2.917,91.505625
146410,-2.776,91.50625
146411,-2.557,91.506875
146412,-2.439,91.5075
146413,-2.311,91.508125
146414,-2.166,91.50875
146415,-2.064,91.509375
146416,-1.938,91.51
146417,-1.809,91.510625
146418,-1.707,91.51125
146419,-1.567,91.511875
146420,-1.411,91.5125
146421,-1.245,91.513125
146422,-1.144,91.51375
146423,-1.054,91.514375
146424,-0.965,91.515
146425,-0.837,91.515625
146426,-0.696,91.51625
146427,-0.58,91.516875
146428,-0.522,91.5175
146429,-0.39,91.518125
146430,-0.265,91.51875
146431,-0.152,91.519375
146432,-0.017,91.52
146433,0.166,91.520625
146434,0.355,91.52125
146435,0.494,91.521875
146436,0.621,91.5225
146437,0.717,91.523125
146438,0.771,91.52375
146439,0.865,91.524375
146440,0.956,91.525
146441,1.044,91.525625
146442,1.132,91.52625
146443,1.144,91.526875
146444,1.153,91.5275
146445,1.207,91.528125
146446,1.23,91.52875
146447,1.252,91.529375
146448,1.271,91.53
146449,1.237,91.530625
146450,1.244,91.53125
146451,1.276,91.531875
146452,1.323,91.5325
146453,1.283,91.533125
146454,1.244,91.53375
146455,1.231,91.534375
146456,1.274,91.535
146457,1.281,91.535625
146458,1.268,91.53625
146459,1.292,91.536875
146460,1.313,91.5375
146461,1.323,91.538125
146462,1.313,91.53875
146463,1.303,91.539375
146464,1.291,91.54
146465,1.275,91.540625
146466,1.227,91.54125
146467,1.243,91.541875
146468,1.272,91.5425
146469,1.245,91.543125
146470,1.215,91.54375
146471,1.155,91.544375
146472,1.054,91.545
146473,1.064,91.545625
146474,1.052,91.54625
146475,1.021,91.546875
146476,0.971,91.5475
146477,0.98,91.548125
146478,1.001,91.54875
146479,1.001,91.549375
146480,0.951,91.55
146481,0.938,91.550625
146482,0.958,91.55125
146483,0.908,91.551875
146484,0.882,91.5525
146485,0.858,91.553125
146486,0.804,91.55375
146487,0.753,91.554375
146488,0.717,91.555
146489,0.704,91.555625
146490,0.694,91.55625
146491,0.68,91.556875
146492,0.656,91.5575
146493,0.599,91.558125
146494,0.614,91.55875
146495,0.624,91.559375
146496,0.57,91.56
146497,0.543,91.560625
146498,0.52,91.56125
146499,0.5,91.561875
146500,0.531,91.5625
146501,0.483,91.563125
146502,0.415,91.56375
146503,0.408,91.564375
146504,0.382,91.565
146505,0.347,91.565625
146506,0.307,91.56625
146507,0.343,91.566875
146508,0.33,91.5675
146509,0.284,91.568125
146510,0.264,91.56875
146511,0.233,91.569375
146512,0.194,91.57
146513,0.143,91.570625
146514,0.09,91.57125
146515,0.049,91.571875
146516,0.024,91.5725
146517,0.031,91.573125
146518,0.007,91.57375
146519,-0.039,91.574375
146520,-0.1,91.575
146521,-0.116,91.575625
146522,-0.166,91.57625
146523,-0.277,91.576875
146524,-0.301,91.5775
146525,-0.344,91.578125
146526,-0.399,91.57875
146527,-0.436,91.579375
146528,-0.483,91.58
146529,-0.543,91.580625
146530,-0.62,91.58125
146531,-0.683,91.581875
146532,-0.715,91.5825
146533,-0.725,91.583125
146534,-0.817,91.58375
146535,-0.836,91.584375
146536,-0.84,91.585
146537,-0.908,91.585625
146538,-0.945,91.58625
146539,-0.985,91.586875
146540,-1.039,91.5875
146541,-1.163,91.588125
146542,-1.255,91.58875
146543,-1.321,91.589375
146544,-1.375,91.59
146545,-1.424,91.590625
146546,-1.462,91.59125
146547,-1.483,91.591875
146548,-1.531,91.5925
146549,-1.565,91.593125
146550,-1.584,91.59375
146551,-1.635,91.594375
146552,-1.708,91.595
146553,-1.779,91.595625
146554,-1.81,91.59625
146555,-1.854,91.596875
146556,-1.907,91.5975
146557,-1.968,91.598125
146558,-1.928,91.59875
146559,-1.938,91.599375
146560,-1.984,91.6
146561,-2.021,91.600625
146562,-2.078,91.60125
146563,-2.131,91.601875
146564,-2.162,91.6025
146565,-2.232,91.603125
146566,-2.32,91.60375
146567,-2.415,91.604375
146568,-2.442,91.605
146569,-2.432,91.605625
146570,-2.451,91.60625
146571,-2.627,91.606875
146572,-2.691,91.6075
146573,-2.74,91.608125
146574,-2.801,91.60875
146575,-2.862,91.609375
146576,-2.928,91.61
146577,-3.008,91.610625
146578,-3.133,91.61125
146579,-3.215,91.611875
146580,-3.292,91.6125
146581,-3.386,91.613125
146582,-3.447,91.61375
146583,-3.531,91.614375
146584,-3.642,91.615
146585,-3.736,91.615625
146586,-3.797,91.61625
146587,-3.861,91.616875
146588,-3.986,91.6175
146589,-4.125,91.618125
146590,-4.267,91.61875
146591,-4.409,91.619375
146592,-4.464,91.62
146593,-4.559,91.620625
146594,-4.677,91.62125
146595,-4.758,91.621875
146596,-4.877,91.6225
146597,-5.002,91.623125
146598,-5.114,91.62375
146599,-5.268,91.624375
146600,-5.424,91.625
146601,-5.584,91.625625
146602,-5.848,91.62625
146603,-6.051,91.626875
146604,-6.216,91.6275
146605,-6.354,91.628125
146606,-6.54,91.62875
146607,-6.747,91.629375
146608,-6.97,91.63
146609,-7.193,91.630625
146610,-7.446,91.63125
146611,-7.714,91.631875
146612,-7.95,91.6325
146613,-8.212,91.633125
146614,-8.499,91.63375
146615,-8.82,91.634375
146616,-9.123,91.635
146617,-9.392,91.635625
146618,-9.64,91.63625
146619,-10.036,91.636875
146620,-10.335,91.6375
146621,-10.613,91.638125
146622,-10.979,91.63875
146623,-11.293,91.639375
146624,-11.602,91.64
146625,-11.916,91.640625
146626,-12.247,91.64125
146627,-12.559,91.641875
146628,-12.847,91.6425
146629,-13.083,91.643125
146630,-13.322,91.64375
146631,-13.572,91.644375
146632,-13.843,91.645
146633,-14.082,91.645625
146634,-14.271,91.64625
146635,-14.412,91.646875
146636,-14.581,91.6475
146637,-14.723,91.648125
146638,-14.833,91.64875
146639,-14.887,91.649375
146640,-14.877,91.65
146641,-14.87,91.650625
146642,-14.887,91.65125
146643,-14.917,91.651875
146644,-14.891,91.6525
146645,-14.839,91.653125
146646,-14.87,91.65375
146647,-14.923,91.654375
146648,-14.956,91.655
146649,-14.932,91.655625
146650,-14.884,91.65625
146651,-14.898,91.656875
146652,-14.978,91.6575
146653,-15.035,91.658125
146654,-15.061,91.65875
146655,-15.101,91.659375
146656,-15.233,91.66
146657,-15.312,91.660625
146658,-15.379,91.66125
146659,-15.447,91.661875
146660,-15.501,91.6625
146661,-15.538,91.663125
146662,-15.56,91.66375
146663,-15.577,91.664375
146664,-15.622,91.665
146665,-15.657,91.665625
146666,-15.654,91.66625
146667,-15.546,91.666875
146668,-15.487,91.6675
146669,-15.481,91.668125
146670,-15.349,91.66875
146671,-15.226,91.669375
146672,-15.099,91.67
146673,-14.947,91.670625
146674,-14.826,91.67125
146675,-14.672,91.671875
146676,-14.463,91.6725
146677,-14.27,91.673125
146678,-14.114,91.67375
146679,-13.971,91.674375
146680,-13.752,91.675
146681,-13.557,91.675625
146682,-13.367,91.67625
146683,-13.167,91.676875
146684,-12.928,91.6775
146685,-12.744,91.678125
146686,-12.619,91.67875
146687,-12.45,91.679375
146688,-12.239,91.68
146689,-12.032,91.680625
146690,-11.907,91.68125
146691,-11.72,91.681875
146692,-11.507,91.6825
146693,-11.274,91.683125
146694,-11.131,91.68375
146695,-10.952,91.684375
146696,-10.756,91.685
146697,-10.614,91.685625
146698,-10.49,91.68625
146699,-10.362,91.686875
146700,-10.213,91.6875
146701,-10.113,91.688125
146702,-10.006,91.68875
146703,-9.882,91.689375
146704,-9.73,91.69
146705,-9.664,91.690625
146706,-9.628,91.69125
146707,-9.544,91.691875
146708,-9.518,91.6925
146709,-9.499,91.693125
146710,-9.472,91.69375
146711,-9.435,91.694375
146712,-9.448,91.695
146713,-9.495,91.695625
146714,-9.522,91.69625
146715,-9.546,91.696875
146716,-9.574,91.6975
146717,-9.612,91.698125
146718,-9.673,91.69875
146719,-9.762,91.699375
146720,-9.877,91.7
146721,-9.981,91.700625
146722,-10.066,91.70125
146723,-10.149,91.701875
146724,-10.261,91.7025
146725,-10.512,91.703125
146726,-10.715,91.70375
146727,-10.807,91.704375
146728,-10.991,91.705
146729,-11.148,91.705625
146730,-11.295,91.70625
146731,-11.501,91.706875
146732,-11.742,91.7075
146733,-11.999,91.708125
146734,-12.262,91.70875
146735,-12.492,91.709375
146736,-12.729,91.71
146737,-12.974,91.710625
146738,-13.208,91.71125
146739,-13.461,91.711875
146740,-13.707,91.7125
146741,-13.896,91.713125
146742,-14.107,91.71375
146743,-14.338,91.714375
146744,-14.588,91.715
146745,-14.717,91.715625
146746,-14.855,91.71625
146747,-15.005,91.716875
146748,-15.177,91.7175
146749,-15.267,91.718125
146750,-15.334,91.71875
146751,-15.411,91.719375
146752,-15.477,91.72
146753,-15.554,91.720625
146754,-15.635,91.72125
146755,-15.588,91.721875
146756,-15.57,91.7225
146757,-15.564,91.723125
146758,-15.55,91.72375
146759,-15.531,91.724375
146760,-15.515,91.725
146761,-15.505,91.725625
146762,-15.421,91.72625
146763,-15.321,91.726875
146764,-15.21,91.7275
146765,-15.102,91.728125
146766,-14.979,91.72875
146767,-14.83,91.729375
146768,-14.637,91.73
146769,-14.552,91.730625
146770,-14.423,91.73125
146771,-14.239,91.731875
146772,-14.076,91.7325
146773,-13.974,91.733125
146774,-13.884,91.73375
146775,-13.736,91.734375
146776,-13.623,91.735
146777,-13.525,91.735625
146778,-13.437,91.73625
146779,-13.363,91.736875
146780,-13.283,91.7375
146781,-13.194,91.738125
146782,-13.086,91.73875
146783,-13.018,91.739375
146784,-12.978,91.74
146785,-12.968,91.740625
146786,-12.958,91.74125
146787,-12.903,91.741875
146788,-12.811,91.7425
146789,-12.838,91.743125
146790,-12.872,91.74375
146791,-12.904,91.744375
146792,-12.921,91.745
146793,-12.882,91.745625
146794,-12.875,91.74625
146795,-12.933,91.746875
146796,-12.88,91.7475
146797,-12.872,91.748125
146798,-12.904,91.74875
146799,-12.958,91.749375
146800,-13.002,91.75
146801,-13.033,91.750625
146802,-13.043,91.75125
146803,-13.093,91.751875
146804,-13.132,91.7525
146805,-13.161,91.753125
146806,-13.262,91.75375
146807,-13.326,91.754375
146808,-13.373,91.755
146809,-13.427,91.755625
146810,-13.531,91.75625
146811,-13.631,91.756875
146812,-13.708,91.7575
146813,-13.853,91.758125
146814,-13.954,91.75875
146815,-14.033,91.759375
146816,-14.179,91.76
146817,-14.321,91.760625
146818,-14.427,91.76125
146819,-14.454,91.761875
146820,-14.52,91.7625
146821,-14.611,91.763125
146822,-14.725,91.76375
146823,-14.87,91.764375
146824,-14.972,91.765
146825,-15.081,91.765625
146826,-15.29,91.76625
146827,-15.397,91.766875
146828,-15.517,91.7675
146829,-15.689,91.768125
146830,-15.748,91.76875
146831,-15.844,91.769375
146832,-15.976,91.77
146833,-16.145,91.770625
146834,-16.272,91.77125
146835,-16.395,91.771875
146836,-16.544,91.7725
146837,-16.641,91.773125
146838,-16.767,91.77375
146839,-16.921,91.774375
146840,-16.975,91.775
146841,-17.087,91.775625
146842,-17.23,91.77625
146843,-17.379,91.776875
146844,-17.503,91.7775
146845,-17.598,91.778125
146846,-17.659,91.77875
146847,-17.743,91.779375
146848,-17.864,91.78
146849,-18.007,91.780625
146850,-18.119,91.78125
146851,-18.193,91.781875
146852,-18.263,91.7825
146853,-18.355,91.783125
146854,-18.415,91.78375
146855,-18.465,91.784375
146856,-18.507,91.785
146857,-18.571,91.785625
146858,-18.66,91.78625
146859,-18.734,91.786875
146860,-18.72,91.7875
146861,-18.793,91.788125
146862,-18.851,91.78875
146863,-18.861,91.789375
146864,-18.852,91.79
146865,-18.916,91.790625
146866,-19.022,91.79125
146867,-19.035,91.791875
146868,-19.059,91.7925
146869,-19.073,91.793125
146870,-19.059,91.79375
146871,-19.067,91.794375
146872,-19.059,91.795
146873,-19.035,91.795625
146874,-19.056,91.79625
146875,-19.098,91.796875
146876,-19.126,91.7975
146877,-19.072,91.798125
146878,-19.052,91.79875
146879,-19.031,91.799375
146880,-19.001,91.8
146881,-19.007,91.800625
146882,-18.985,91.80125
146883,-18.931,91.801875
146884,-18.819,91.8025
146885,-18.767,91.803125
146886,-18.722,91.80375
146887,-18.644,91.804375
146888,-18.575,91.805
146889,-18.482,91.805625
146890,-18.365,91.80625
146891,-18.321,91.806875
146892,-18.262,91.8075
146893,-18.171,91.808125
146894,-18.006,91.80875
146895,-17.798,91.809375
146896,-17.628,91.81
146897,-17.527,91.810625
146898,-17.422,91.81125
146899,-17.266,91.811875
146900,-17.079,91.8125
146901,-16.944,91.813125
146902,-16.781,91.81375
146903,-16.637,91.814375
146904,-16.552,91.815
146905,-16.303,91.815625
146906,-16.116,91.81625
146907,-16.009,91.816875
146908,-15.827,91.8175
146909,-15.627,91.818125
146910,-15.427,91.81875
146911,-15.258,91.819375
146912,-15.108,91.82
146913,-14.975,91.820625
146914,-14.86,91.82125
146915,-14.662,91.821875
146916,-14.503,91.8225
146917,-14.374,91.823125
146918,-14.246,91.82375
146919,-14.078,91.824375
146920,-13.929,91.825
146921,-13.851,91.825625
146922,-13.715,91.82625
146923,-13.583,91.826875
146924,-13.464,91.8275
146925,-13.372,91.828125
146926,-13.237,91.82875
146927,-13.111,91.829375
146928,-13.09,91.83
146929,-12.993,91.830625
146930,-12.861,91.83125
146931,-12.706,91.831875
146932,-12.684,91.8325
146933,-12.648,91.833125
146934,-12.59,91.83375
146935,-12.472,91.834375
146936,-12.45,91.835
146937,-12.429,91.835625
146938,-12.335,91.83625
146939,-12.274,91.836875
146940,-12.231,91.8375
146941,-12.205,91.838125
146942,-12.198,91.83875
146943,-12.178,91.839375
146944,-12.136,91.84
146945,-12.045,91.840625
146946,-12.1,91.84125
146947,-12.133,91.841875
146948,-12.082,91.8425
146949,-12.048,91.843125
146950,-12.049,91.84375
146951,-12.067,91.844375
146952,-12.04,91.845
146953,-12.036,91.845625
146954,-12.046,91.84625
146955,-12.069,91.846875
146956,-12.038,91.8475
146957,-12.029,91.848125
146958,-12.045,91.84875
146959,-12.001,91.849375
146960,-12.029,91.85
146961,-12.084,91.850625
146962,-12.098,91.85125
146963,-12.089,91.851875
146964,-12.088,91.8525
146965,-12.105,91.853125
146966,-12.118,91.85375
146967,-12.128,91.854375
146968,-12.126,91.855
146969,-12.072,91.855625
146970,-12.082,91.85625
146971,-12.099,91.856875
146972,-12.078,91.8575
146973,-12.095,91.858125
146974,-12.126,91.85875
146975,-12.165,91.859375
146976,-12.128,91.86
146977,-12.088,91.860625
146978,-12.06,91.86125
146979,-12.07,91.861875
146980,-12.008,91.8625
146981,-11.98,91.863125
146982,-12.028,91.86375
146983,-12.018,91.864375
146984,-11.991,91.865
146985,-11.951,91.865625
146986,-11.914,91.86625
146987,-11.889,91.866875
146988,-11.868,91.8675
146989,-11.844,91.868125
146990,-11.775,91.86875
146991,-11.72,91.869375
146992,-11.689,91.87
146993,-11.699,91.870625
146994,-11.663,91.87125
146995,-11.608,91.871875
146996,-11.571,91.8725
146997,-11.55,91.873125
146998,-11.493,91.87375
146999,-11.374,91.874375
147000,-11.299,91.875
147001,-11.284,91.875625
147002,-11.305,91.87625
147003,-11.271,91.876875
147004,-11.215,91.8775
147005,-11.148,91.878125
147006,-11.073,91.87875
147007,-11.063,91.879375
147008,-11.033,91.88
147009,-10.975,91.880625
147010,-10.901,91.88125
147011,-10.894,91.881875
147012,-10.91,91.8825
147013,-10.88,91.883125
147014,-10.808,91.88375
147015,-10.735,91.884375
147016,-10.674,91.885
147017,-10.68,91.885625
147018,-10.683,91.88625
147019,-10.675,91.886875
147020,-10.621,91.8875
147021,-10.616,91.888125
147022,-10.597,91.88875
147023,-10.505,91.889375
147024,-10.533,91.89
147025,-10.508,91.890625
147026,-10.424,91.89125
147027,-10.499,91.891875
147028,-10.49,91.8925
147029,-10.451,91.893125
147030,-10.465,91.89375
147031,-10.459,91.894375
147032,-10.45,91.895
147033,-10.444,91.895625
147034,-10.477,91.89625
147035,-10.476,91.896875
147036,-10.469,91.8975
147037,-10.573,91.898125
147038,-10.574,91.89875
147039,-10.544,91.899375
147040,-10.527,91.9
147041,-10.601,91.900625
147042,-10.661,91.90125
147043,-10.692,91.901875
147044,-10.678,91.9025
147045,-10.73,91.903125
147046,-10.814,91.90375
147047,-10.885,91.904375
147048,-10.951,91.905
147049,-11.03,91.905625
147050,-11.131,91.90625
147051,-11.12,91.906875
147052,-11.171,91.9075
147053,-11.276,91.908125
147054,-11.401,91.90875
147055,-11.467,91.909375
147056,-11.526,91.91
147057,-11.617,91.910625
147058,-11.717,91.91125
147059,-11.806,91.911875
147060,-11.884,91.9125
147061,-12.016,91.913125
147062,-12.093,91.91375
147063,-12.152,91.914375
147064,-12.25,91.915
147065,-12.342,91.915625
147066,-12.429,91.91625
147067,-12.511,91.916875
147068,-12.582,91.9175
147069,-12.658,91.918125
147070,-12.738,91.91875
147071,-12.805,91.919375
147072,-12.883,91.92
147073,-12.969,91.920625
147074,-13.067,91.92125
147075,-13.147,91.921875
147076,-13.208,91.9225
147077,-13.253,91.923125
147078,-13.311,91.92375
147079,-13.392,91.924375
147080,-13.477,91.925
147081,-13.527,91.925625
147082,-13.564,91.92625
147083,-13.617,91.926875
147084,-13.698,91.9275
147085,-13.733,91.928125
147086,-13.776,91.92875
147087,-13.833,91.929375
147088,-13.924,91.93
147089,-13.961,91.930625
147090,-13.999,91.93125
147091,-14.084,91.931875
147092,-14.095,91.9325
147093,-14.12,91.933125
147094,-14.165,91.93375
147095,-14.182,91.934375
147096,-14.214,91.935
147097,-14.238,91.935625
147098,-14.208,91.93625
147099,-14.213,91.936875
147100,-14.22,91.9375
147101,-14.217,91.938125
147102,-14.23,91.93875
147103,-14.232,91.939375
147104,-14.211,91.94
147105,-14.106,91.940625
147106,-14.046,91.94125
147107,-14.011,91.941875
147108,-13.998,91.9425
147109,-13.972,91.943125
147110,-13.905,91.94375
147111,-13.796,91.944375
147112,-13.728,91.945
147113,-13.68,91.945625
147114,-13.636,91.94625
147115,-13.569,91.946875
147116,-13.44,91.9475
147117,-13.327,91.948125
147118,-13.256,91.94875
147119,-13.188,91.949375
147120,-13.101,91.95
147121,-13.001,91.950625
147122,-12.91,91.95125
147123,-12.836,91.951875
147124,-12.759,91.9525
147125,-12.661,91.953125
147126,-12.533,91.95375
147127,-12.438,91.954375
147128,-12.379,91.955
147129,-12.247,91.955625
147130,-12.137,91.95625
147131,-12.041,91.956875
147132,-11.95,91.9575
147133,-11.831,91.958125
147134,-11.731,91.95875
147135,-11.671,91.959375
147136,-11.583,91.96
147137,-11.48,91.960625
147138,-11.369,91.96125
147139,-11.281,91.961875
147140,-11.233,91.9625
147141,-11.182,91.963125
147142,-11.094,91.96375
147143,-10.979,91.964375
147144,-10.875,91.965
147145,-10.789,91.965625
147146,-10.732,91.96625
147147,-10.666,91.966875
147148,-10.603,91.9675
147149,-10.565,91.968125
147150,-10.523,91.96875
147151,-10.465,91.969375
147152,-10.388,91.97
147153,-10.363,91.970625
147154,-10.349,91.97125
147155,-10.336,91.971875
147156,-10.289,91.9725
147157,-10.261,91.973125
147158,-10.239,91.97375
147159,-10.212,91.974375
147160,-10.176,91.975
147161,-10.163,91.975625
147162,-10.168,91.97625
147163,-10.053,91.976875
147164,-10.045,91.9775
147165,-10.056,91.978125
147166,-9.931,91.97875
147167,-9.904,91.979375
147168,-9.896,91.98
147169,-9.879,91.980625
147170,-9.865,91.98125
147171,-9.821,91.981875
147172,-9.766,91.9825
147173,-9.779,91.983125
147174,-9.788,91.98375
147175,-9.789,91.984375
147176,-9.779,91.985
147177,-9.772,91.985625
147178,-9.726,91.98625
147179,-9.646,91.986875
147180,-9.673,91.9875
147181,-9.676,91.988125
147182,-9.662,91.98875
147183,-9.639,91.989375
147184,-9.626,91.99
147185,-9.637,91.990625
147186,-9.681,91.99125
147187,-9.59,91.991875
147188,-9.558,91.9925
147189,-9.564,91.993125
147190,-9.506,91.99375
147191,-9.434,91.994375
147192,-9.375,91.995
147193,-9.358,91.995625
147194,-9.341,91.99625
147195,-9.299,91.996875
147196,-9.232,91.9975
147197,-9.232,91.998125
147198,-9.175,91.99875
147199,-9.088,91.999375
147200,-9.0,92.0
147201,-8.95,92.000625
147202,-8.907,92.00125
147203,-8.86,92.001875
147204,-8.786,92.0025
147205,-8.73,92.003125
147206,-8.687,92.00375
147207,-8.63,92.004375
147208,-8.516,92.005
147209,-8.401,92.005625
147210,-8.33,92.00625
147211,-8.262,92.006875
147212,-8.184,92.0075
147213,-8.093,92.008125
147214,-7.941,92.00875
147215,-7.815,92.009375
147216,-7.717,92.01
147217,-7.666,92.010625
147218,-7.555,92.01125
147219,-7.448,92.011875
147220,-7.366,92.0125
147221,-7.259,92.013125
147222,-7.154,92.01375
147223,-7.06,92.014375
147224,-7.006,92.015
147225,-6.9,92.015625
147226,-6.777,92.01625
147227,-6.659,92.016875
147228,-6.583,92.0175
147229,-6.468,92.018125
147230,-6.311,92.01875
147231,-6.237,92.019375
147232,-6.139,92.02
147233,-6.037,92.020625
147234,-5.97,92.02125
147235,-5.905,92.021875
147236,-5.829,92.0225
147237,-5.734,92.023125
147238,-5.679,92.02375
147239,-5.57,92.024375
147240,-5.427,92.025
147241,-5.335,92.025625
147242,-5.273,92.02625
147243,-5.219,92.026875
147244,-5.154,92.0275
147245,-5.054,92.028125
147246,-4.972,92.02875
147247,-4.914,92.029375
147248,-4.853,92.03
147249,-4.779,92.030625
147250,-4.697,92.03125
147251,-4.609,92.031875
147252,-4.592,92.0325
147253,-4.542,92.033125
147254,-4.413,92.03375
147255,-4.407,92.034375
147256,-4.367,92.035
147257,-4.296,92.035625
147258,-4.201,92.03625
147259,-4.139,92.036875
147260,-4.081,92.0375
147261,-4.006,92.038125
147262,-3.968,92.03875
147263,-3.923,92.039375
147264,-3.868,92.04
147265,-3.855,92.040625
147266,-3.8,92.04125
147267,-3.734,92.041875
147268,-3.711,92.0425
147269,-3.646,92.043125
147270,-3.597,92.04375
147271,-3.587,92.044375
147272,-3.554,92.045
147273,-3.491,92.045625
147274,-3.412,92.04625
147275,-3.365,92.046875
147276,-3.318,92.0475
147277,-3.279,92.048125
147278,-3.258,92.04875
147279,-3.187,92.049375
147280,-3.16,92.05
147281,-3.186,92.050625
147282,-3.135,92.05125
147283,-3.093,92.051875
147284,-3.042,92.0525
147285,-2.944,92.053125
147286,-2.961,92.05375
147287,-2.965,92.054375
147288,-2.908,92.055
147289,-2.916,92.055625
147290,-2.879,92.05625
147291,-2.814,92.056875
147292,-2.8,92.0575
147293,-2.747,92.058125
