,t,Vdbz
0,91.036875,130.36764631090688
1,91.0375,130.2483509720168
2,91.038125,130.26701597611915
3,91.03875,130.27500300163646
4,91.039375,130.2643520013588
5,91.04,130.25368792434327
6,91.040625,130.3148283333873
7,91.04125,130.22429402272775
8,91.041875,130.18136090034324
9,91.0425,130.29892010616007
10,91.043125,130.3808007729669
11,91.04375,130.3254176545868
12,91.044375,130.18942704205097
13,91.045,130.29095505320572
14,91.045625,130.41490943038966
15,91.04625,130.51126116540135
16,91.046875,130.52937024938956
17,91.0475,130.62446749066052
18,91.048125,130.7235906427445
19,91.04875,130.8065894958175
20,91.049375,130.7463054622402
21,91.05,130.71600581649795
22,91.050625,130.7008162650232
23,91.05125,130.7008162650232
24,91.051875,130.64999172189323
25,91.0525,130.72611744702067
26,91.053125,130.9604138981106
27,91.05375,130.83657533562626
28,91.054375,130.8115943300891
29,91.055,130.83657533562626
30,91.055625,130.78403198588256
31,91.05625,130.7210631031841
32,91.056875,130.64744267135754
33,91.0575,130.57062121270823
34,91.058125,130.43060682557422
35,91.05875,130.34919653080465
36,91.059375,130.25368792434327
37,91.06,129.82723387668545
38,91.060625,129.82162826846374
39,91.06125,129.8747360455368
40,91.061875,129.75125120512755
41,91.0625,129.64317390822552
42,91.063125,129.5308361805486
43,91.06375,129.42289930321266
44,91.064375,129.40232706302007
45,91.065,129.36103582908476
46,91.065625,129.28680969255333
47,91.06625,129.15461096491998
48,91.066875,129.22696867295966
49,91.0675,129.19689284776416
50,91.068125,129.0142175629384
51,91.06875,128.8652597491739
52,91.069375,128.7296139001899
53,91.07,128.62727528317976
54,91.070625,128.61439775726564
55,91.07125,128.25928543993325
56,91.071875,128.00384977185152
57,91.0725,128.0383450103515
58,91.073125,127.69423485876565
59,91.07375,127.60784320114055
60,91.074375,127.69065230988497
61,91.075,127.70139552663869
62,91.075625,127.45824005940213
63,91.07625,127.24587875928462
64,91.076875,127.24587875928462
65,91.0775,127.28351265541238
66,91.078125,127.25341859451333
67,91.07875,127.16631280164391
68,91.079375,127.11668991769871
69,91.08,126.9505031999738
70,91.080625,126.79300315227367
71,91.08125,126.76514460492511
72,91.081875,126.95440434068077
73,91.0825,127.07063118155524
74,91.083125,127.0667819062261
75,91.08375,126.84055376174945
76,91.084375,126.80094635322787
77,91.085,126.85240085106696
78,91.085625,126.90747461118177
79,91.08625,126.87211016208344
80,91.086875,126.79300315227367
81,91.0875,126.68907502301862
82,91.088125,126.82473246477385
83,91.08875,126.8128475512141
84,91.089375,126.70514512869063
85,91.09,126.61233334588877
86,91.090625,126.773113311574
87,91.09125,126.89570245265321
88,91.091875,126.84055376174945
89,91.0925,126.76115750839513
90,91.093125,126.67297513029402
91,91.09375,126.58795758722086
92,91.094375,126.55943247246022
93,91.095,126.42782556623379
94,91.095625,126.23083916802389
95,91.09625,125.9683276012259
96,91.096875,125.9726956624887
97,91.0975,125.94207300298513
98,91.098125,125.85398006087858
99,91.09875,125.77839211323453
100,91.099375,125.85840599200013
101,91.1,125.94645428410604
102,91.100625,125.87167026992233
103,91.10125,125.88491432276237
104,91.101875,125.84955187335568
105,91.1025,125.7381070594475
106,91.103125,125.93330380523062
107,91.10375,125.93330380523062
108,91.104375,125.81404486575708
109,91.105,125.70664455287769
110,91.105625,125.7381070594475
111,91.10625,125.6479100948505
112,91.106875,125.31521833435221
113,91.1075,125.53383057690078
114,91.108125,125.53383057690078
115,91.10875,125.40425709792486
116,91.109375,125.40425709792486
117,91.11,125.60245792604616
118,91.110625,125.7515561815741
119,91.11125,125.6931256557703
120,91.111875,125.74707545429493
121,91.1125,125.7336193870986
122,91.113125,125.67054729723388
123,91.11375,125.72014244158949
124,91.114375,125.7515561815741
125,91.115,125.70214059133625
126,91.115625,125.45539173103519
127,91.11625,125.3668782790213
128,91.116875,125.39025888435832
129,91.1175,125.48777591100757
130,91.118125,125.39025888435832
131,91.11875,125.31521833435221
132,91.119375,125.33403933768176
133,91.12,125.60245792604616
134,91.120625,125.91134199924959
135,91.12125,126.02059991327963
136,91.121875,125.85840599200013
137,91.1225,125.93330380523062
138,91.123125,126.11562302509965
139,91.12375,126.32360197786906
140,91.124375,126.38212118619552
141,91.125,126.33617504106044
142,91.125625,126.33617504106044
143,91.12625,126.44852104811905
144,91.126875,126.45265423384447
145,91.1275,126.48976466615312
146,91.128125,126.5226191342159
147,91.12875,126.32779502146391
148,91.129375,126.3152098133147
149,91.13,126.34872993070198
150,91.130625,126.33617504106044
151,91.13125,126.41123360390473
152,91.131875,126.37795429254973
153,91.1325,126.23931320736732
154,91.133125,126.3110106884381
155,91.13375,126.22659904607586
156,91.134375,126.17982058000328
157,91.135,126.43610967715078
158,91.135625,126.44852104811905
159,91.13625,126.40708065635344
160,91.136875,126.36126669925524
161,91.1375,126.55534979805458
162,91.138125,126.55943247246022
163,91.13875,126.4938782772355
164,91.139375,126.59202496713037
165,91.14,126.66491397923926
166,91.140625,126.74918522581311
167,91.14125,126.85634629271465
168,91.141875,126.8839143174287
169,91.1425,126.82077263355046
170,91.143125,126.75317782052284
171,91.14375,127.03206144838259
172,91.144375,127.15869694000908
173,91.145,127.23833237337287
174,91.145625,127.31350280911835
175,91.14625,127.30601497275975
176,91.146875,127.22700048704533
177,91.1475,127.13962801986263
178,91.148125,127.46927443264738
179,91.14875,127.58248292140784
180,91.149375,127.60060495935662
181,91.15,127.60060495935662
182,91.150625,127.89603554325423
183,91.15125,128.17158250817334
184,91.151875,128.37596581180708
185,91.1525,128.57565022993907
186,91.153125,128.69457083559516
187,91.15375,128.80243206375607
188,91.154375,129.0142175629384
189,91.155,129.06636680094076
190,91.155625,129.07859184115458
191,91.15625,129.0816454146218
192,91.156875,129.21495083688393
193,91.1575,129.26890063540856
194,91.158125,129.31657630714875
195,91.15875,129.5857463295234
196,91.159375,129.60876294355634
197,91.16,129.58862674395473
198,91.160625,129.61737847374334
199,91.16125,129.60876294355634
200,91.161875,129.53663257024522
201,91.1625,129.43463302960103
202,91.163125,129.5134237664886
203,91.16375,129.5857463295234
204,91.164375,129.59150620349976
205,91.165,129.46389818409875
206,91.165625,129.52213433680382
207,91.16625,129.5279365345066
208,91.166875,129.47557669293448
209,91.1675,129.58286495957228
210,91.168125,129.68884415284813
211,91.16875,129.75407726327452
212,91.169375,129.69453608597323
213,91.17,129.69453608597323
214,91.170625,129.72860957708866
215,91.17125,129.79354583327398
216,91.171875,129.7851033673852
217,91.1725,129.72293993613147
218,91.173125,129.67459798000047
219,91.17375,129.81882410713575
220,91.174375,129.94688762035162
221,91.175,129.99648991679157
222,91.175625,129.9302903739549
223,91.17625,129.88309188036885
224,91.176875,129.8075984000636
225,91.1775,129.75690240222872
226,91.178125,129.93582631400085
227,91.17875,129.9744794149581
228,91.179375,129.97172417635034
229,91.18,129.97998727160305
230,91.180625,129.8075984000636
231,91.18125,129.8075984000636
232,91.181875,129.95517436574536
233,91.1825,129.82162826846374
234,91.183125,129.8019801012661
235,91.18375,129.89422050410525
236,91.184375,130.14632080152828
237,91.185,130.32012460772097
238,91.185625,130.45931190983973
239,91.18625,130.56290156506213
240,91.186875,130.4567062732106
241,91.1875,130.4253775119677
242,91.188125,130.40967065481584
243,91.18875,130.32012460772097
244,91.189375,130.22429402272775
245,91.19,130.16790066266105
246,91.190625,130.1759793080781
247,91.19125,130.29361088249965
248,91.191875,130.2643520013588
249,91.1925,130.1490212180394
250,91.193125,130.13010064809745
251,91.19375,130.16790066266105
252,91.194375,130.17059437942572
253,91.195,130.0785360838702
254,91.195625,130.21090020413223
255,91.19625,130.19748570009438
256,91.196875,130.05127338214726
257,91.1975,129.97723377985767
258,91.198125,129.9413587279701
259,91.19875,129.9053348877562
260,91.199375,129.83003532474652
261,91.2,129.9302903739549
262,91.200625,130.07581366114363
263,91.20125,130.24033938992255
264,91.201875,130.40180656225684
265,91.2025,130.5371197425175
266,91.203125,130.68560010410164
267,91.20375,130.90614232931648
268,91.204375,131.0265597600769
269,91.205,131.19095111160868
270,91.205625,131.43417663617376
271,91.20625,131.46671680132135
272,91.206875,131.47367386187597
273,91.2075,131.43883270148925
274,91.208125,131.29568769007972
275,91.20875,131.3287498439014
276,91.209375,131.3640344813399
277,91.21,131.32403437709826
278,91.210625,131.26012374123587
279,91.21125,131.26724818973216
280,91.211875,131.30514686840428
281,91.2125,131.1837637800955
282,91.213125,131.0897832000764
283,91.21375,131.0241188749581
284,91.214375,130.9923247903817
285,91.215,130.98006524051576
286,91.215625,130.94318242654833
287,91.21625,130.87639610285316
288,91.216875,130.80909227342823
289,91.2175,130.84405564868058
290,91.218125,130.85401938896223
291,91.21875,130.65508757984995
292,91.219375,130.62191093740057
293,91.22,130.50608019916478
294,91.220625,130.26701597611915
295,91.22125,130.2483509720168
296,91.221875,130.17328726105885
297,91.2225,130.05127338214726
298,91.223125,129.89143968460397
299,91.22375,129.9302903739549
300,91.224375,130.01570345834912
301,91.225,130.09756918820432
302,91.225625,130.08941724988836
303,91.22625,130.1652061102467
304,91.226875,130.28564095720756
305,91.2275,130.32277153434148
306,91.228125,130.25635517129746
307,91.22875,130.1759793080781
308,91.229375,130.1409174485465
309,91.23,130.18136090034324
310,91.230625,130.1652061102467
311,91.23125,130.10842655166562
312,91.231875,130.19211409223112
313,91.2325,130.06764126947465
314,91.233125,129.9136613523383
315,91.23375,129.90255762485867
316,91.234375,129.9192078976341
317,91.235,129.9385929614643
318,91.235625,129.96069447374055
319,91.23625,130.06491542930226
320,91.236875,129.9164350677181
321,91.2375,129.6688929619707
322,91.238125,129.54242509439325
323,91.23875,129.57998263346715
324,91.239375,129.59726226046195
325,91.24,129.54821375814504
326,91.240625,129.38760271699852
327,91.24125,129.38465485013225
328,91.241875,129.47557669293448
329,91.2425,129.53663257024522
330,91.243125,129.54821375814504
331,91.24375,129.6288525700461
332,91.244375,129.84123209025196
333,91.245,130.04581055829544
334,91.245625,130.26967913408515
335,91.24625,130.49311424715555
336,91.246875,130.667814160351
337,91.2475,130.7940647789565
338,91.248125,130.91603514318552
339,91.24875,131.05822900433017
340,91.249375,131.0338783025445
341,91.25,131.05822900433017
342,91.250625,131.14292284636724
343,91.25125,131.17417141066332
344,91.251875,131.10188897156638
345,91.2525,130.9776112527503
346,91.253125,130.8415629267125
347,91.25375,130.9653309034149
348,91.254375,131.0192350459635
349,91.255,130.93085326956262
350,91.255625,130.9653309034149
351,91.25625,131.0192350459635
352,91.256875,131.07523396780007
353,91.2575,131.0994691666648
354,91.258125,130.93085326956262
355,91.25875,130.76141574086344
356,91.259375,130.667814160351
357,91.26,130.55517505041945
358,91.260625,130.454099854695
359,91.26125,130.38605698470857
360,91.261875,130.4122904375647
361,91.2625,130.37291048660623
362,91.263125,130.3121789846896
363,91.26375,130.25902159944982
364,91.264375,130.20285398805146
365,91.265,130.1490212180394
366,91.265625,130.10028480168214
367,91.26625,130.10028480168214
368,91.266875,130.00198383831446
369,91.2675,129.89143968460397
370,91.268125,129.85241444086384
371,91.26875,129.61163573658337
372,91.269375,129.38760271699852
373,91.27,129.20893567761442
374,91.270625,128.9493626189951
375,91.27125,128.89026412668085
376,91.271875,128.9555601858924
377,91.2725,129.04799691822885
378,91.273125,129.09079969929638
379,91.27375,129.07553719380883
380,91.274375,128.9926530094015
381,91.275,128.9586573118436
382,91.275625,128.91519672977262
383,91.27625,128.89026412668085
384,91.276875,128.98339464330402
385,91.2775,128.908970285321
386,91.278125,128.7676821406943
387,91.27875,128.6047270682302
388,91.279375,128.7009528267993
389,91.28,128.68818415175
390,91.280625,128.59181604446601
391,91.28125,128.6465558452321
392,91.281875,128.72325294081514
393,91.2825,128.79296859126947
394,91.283125,128.82447348485226
395,91.28375,128.7105170299731
396,91.284375,128.60795182773933
397,91.285,128.5432280585193
398,91.285625,128.64334538885177
399,91.28625,128.69776241734633
400,91.286875,128.74232186096157
401,91.2875,128.8150340095837
402,91.288125,128.74549594820246
403,91.28875,128.76134900906987
404,91.289375,128.91830827902248
405,91.29,128.90585538851946
406,91.290625,128.89026412668085
407,91.29125,128.87464482803193
408,91.291875,128.88401977728319
409,91.2925,128.96175333384684
410,91.293125,129.06024782242912
411,91.29375,129.16368871140526
412,91.294375,129.15763793467985
413,91.295,129.15763793467985
414,91.295625,129.20893567761442
415,91.29625,129.48141006430086
416,91.296875,129.53373485891288
417,91.2975,129.58286495957228
418,91.298125,129.76819377806396
419,91.29875,129.94688762035162
420,91.299375,130.05400350621125
421,91.3,130.09485272543375
422,91.300625,130.17867052100064
423,91.30125,130.41490943038966
424,91.301875,130.68306148370124
425,91.3025,130.86894360163402
426,91.303125,131.00945914213128
427,91.30375,131.162166032611
428,91.304375,131.3287498439014
429,91.305,131.47135546078437
430,91.305625,131.59795739206209
431,91.30625,131.71598018026
432,91.306875,131.8368682244957
433,91.3075,131.9011017951861
434,91.308125,131.90330829580458
435,91.30875,131.82797102562498
436,91.309375,131.8190647037597
437,91.31,131.78111062104688
438,91.310625,131.70695822189182
439,91.31125,131.5681994066247
440,91.311875,131.5452390717163
441,91.3125,131.59795739206209
442,91.313125,131.71372556904993
443,91.31375,131.67530736569998
444,91.314375,131.53833911930414
445,91.315,131.32167568335993
446,91.315625,131.1356956461405
447,91.31625,131.05822900433017
448,91.316875,130.9751565714741
449,91.3175,130.7714746761371
450,91.318125,130.64234232497608
451,91.31875,130.5371197425175
452,91.319375,130.44627590313334
453,91.32,130.30157350151845
454,91.320625,130.3254176545868
455,91.32125,130.43583299278248
456,91.321875,130.5500202196224
457,91.3225,130.6627257655728
458,91.323125,130.7563819014655
459,91.32375,130.82159535553257
460,91.324375,130.8315848789316
461,91.325,130.7664466646288
462,91.325625,130.72864351644026
463,91.32625,130.97270119629502
464,91.326875,131.08251163026026
465,91.3275,131.0970486874411
466,91.328125,131.01434846938565
467,91.32875,130.97270119629502
468,91.329375,130.98497113708112
469,91.33,131.0338783025445
470,91.330625,131.0167921013157
471,91.33125,131.0776605328775
472,91.331875,131.19573936401113
473,91.3325,131.3640344813399
474,91.333125,131.30514686840428
475,91.33375,131.3027830393958
476,91.334375,131.37576424630694
477,91.335,131.47135546078437
478,91.335625,131.5865240751051
479,91.33625,131.6253361054734
480,91.336875,131.43883270148925
481,91.3375,131.46671680132135
482,91.338125,131.5337361040199
483,91.33875,131.60024225058848
484,91.339375,131.61621945321892
485,91.34,131.63671848115297
486,91.340625,131.66624303966157
487,91.34125,131.7204876477395
488,91.341875,131.85463532787924
489,91.3425,131.90771961618285
490,91.343125,131.81683669563205
491,91.34375,131.94951579740754
492,91.344375,132.07803663463343
493,91.345,132.19188818450442
494,91.345625,132.24931927906286
495,91.34625,132.2641470420752
496,91.346875,132.3147937723831
497,91.3475,132.46498580795802
498,91.348125,132.40063790252594
499,91.34875,132.36514689680803
500,91.349375,132.3693298439816
501,91.35,132.4110488945887
502,91.350625,132.4980120440898
503,91.35125,132.55346063533233
504,91.351875,132.49182918253697
505,91.3525,132.51447819051512
506,91.353125,132.50007202029727
507,91.35375,132.43390924658559
508,91.354375,132.41936871288578
509,91.355,132.4235256355007
510,91.355625,132.42975729161262
511,91.35625,132.41728950530242
512,91.356875,132.3021597488639
513,91.3575,132.23871250080245
514,91.358125,132.2726086985048
515,91.35875,132.18548344809176
516,91.359375,132.1897537970657
517,91.36,132.2259672459286
518,91.360625,132.12977700885295
519,91.36125,132.13837051896581
520,91.361875,132.17265978980072
521,91.3625,132.2004204932829
522,91.363125,132.23658958996748
523,91.36375,132.1897537970657
524,91.364375,132.07587408273926
525,91.365,131.9801847964669
526,91.365625,131.9385362868594
527,91.36625,131.94951579740754
528,91.366875,132.0303356730002
529,91.3675,131.93633871831182
530,91.368125,131.90992443651146
531,91.36875,131.96924400948302
532,91.369375,132.02816121069367
533,91.37,132.04337102757995
534,91.370625,132.05421889915115
535,91.37125,132.1211749882063
536,91.371875,132.11902315129745
537,91.3725,132.0845210616894
538,91.373125,132.02598620388676
539,91.37375,131.97362197814326
540,91.374375,131.95390371851025
541,91.375,131.94512565850283
542,91.375625,131.90771961618285
543,91.37625,131.9911118197196
544,91.376875,132.09963259214862
545,91.3775,132.2004204932829
546,91.378125,132.29372684564024
547,91.37875,132.3756004901243
548,91.379375,132.42975729161262
549,91.38,132.40896769423418
550,91.380625,132.4463532166769
551,91.38125,132.47118780010874
552,91.381875,132.43598448005335
553,91.3825,132.51242162849815
554,91.383125,132.47945024033993
555,91.38375,132.3735107777028
556,91.384375,132.5493654491942
557,91.385,132.5432190474955
558,91.385625,132.57390765428048
559,91.38625,132.88088985629497
560,91.386875,132.9983743747084
561,91.3875,133.0352489476022
562,91.388125,133.01586079303863
563,91.38875,133.12196404025664
564,91.389375,133.24949007500618
565,91.39,133.37144538369114
566,91.390625,133.43456176479117
567,91.39125,133.5228936071241
568,91.391875,133.61577223013364
569,91.3925,133.70766819602974
570,91.393125,133.80392160057028
571,91.39375,133.82162984245937
572,91.394375,133.79860208036436
573,91.395,133.82870304288124
574,91.395625,133.81278023431935
575,91.39625,133.7844007452767
576,91.396875,133.7594924006911
577,91.3975,133.74701139116056
578,91.398125,133.70587562773568
579,91.39875,133.64290152747662
580,91.399375,133.60489674085215
581,91.4,133.56308076020875
582,91.400625,133.5228936071241
583,91.40125,133.484358911534
584,91.401875,133.54848875402493
585,91.4025,133.5539636294902
586,91.403125,133.47147592846102
587,91.40375,133.23057480263967
588,91.404375,133.0352489476022
589,91.405,132.9025479851678
590,91.405625,132.88286101019838
591,91.40625,132.75379638236802
592,91.406875,132.6004170222682
593,91.4075,132.4442804593259
594,91.408125,132.43598448005335
595,91.40875,132.42975729161262
596,91.409375,132.40272109947514
597,91.41,132.29583583912836
598,91.410625,132.22171466829747
599,91.41125,132.1683810263457
600,91.411875,132.1319261835857
601,91.4125,131.92974267473087
602,91.413125,131.81683669563205
603,91.41375,131.78111062104688
604,91.414375,131.76767536757455
605,91.415,131.81460811585382
606,91.415625,131.86793684600414
607,91.41625,131.89889473390167
608,91.416875,132.02381065230665
609,91.4175,132.12977700885295
610,91.418125,132.2025522615199
611,91.41875,132.2110741063419
612,91.419375,132.20681422904312
613,91.42,132.19188818450442
614,91.420625,132.15553207483387
615,91.42125,132.2577953857497
616,91.421875,132.30005229049175
617,91.4225,132.25567713439472
618,91.423125,132.29794432066268
619,91.42375,132.27683643752138
620,91.424375,132.25355836633003
621,91.425,132.33790852801522
622,91.425625,132.34210461004756
623,91.42625,132.33161060171773
624,91.426875,132.32320625695166
625,91.4275,132.39438531223453
626,91.428125,132.39021441676996
627,91.42875,132.36096193424186
628,91.429375,132.45256852258652
629,91.43,132.4256033510083
630,91.430625,132.4152097998841
631,91.43125,132.4980120440898
632,91.431875,132.42975729161262
633,91.4325,132.52269957270778
634,91.433125,132.71771370562544
635,91.43375,132.65117029065345
636,91.434375,132.6410433341162
637,91.435,132.65319426587826
638,91.435625,132.66734890234014
639,91.43625,132.7417854706066
640,91.436875,132.83344746449373
641,91.4375,132.92022819182478
642,91.438125,132.8413725468301
643,91.43875,132.80962873940842
644,91.439375,132.79371322485363
645,91.44,132.75379638236802
646,91.440625,132.63698924319635
647,91.44125,132.60448821504863
648,91.441875,132.69760281533053
649,91.4425,132.683497435252
650,91.443125,132.6248156047102
651,91.44375,132.5595997965996
652,91.444375,132.59430665294263
653,91.445,132.65117029065345
654,91.445625,132.66734890234014
655,91.44625,132.61262488041
656,91.446875,132.64509553369427
657,91.4475,132.66330707367808
658,91.448125,132.65926336334522
659,91.44875,132.59838071007084
660,91.449375,132.60652309607894
661,91.45,132.6207539307348
662,91.450625,132.59430665294263
663,91.45125,132.4256033510083
664,91.451875,132.3126893775483
665,91.4525,132.27049405707305
666,91.453125,132.24931927906286
667,91.45375,132.15981717094348
668,91.454375,132.08884132521445
669,91.455,132.16195892650558
670,91.455625,132.09531769407775
671,91.45625,132.14481007663485
672,91.456875,132.34210461004756
673,91.4575,132.29161733994974
674,91.458125,132.30426669602718
675,91.45875,132.34839493474354
676,91.459375,132.3693298439816
677,91.46,132.51036457943275
678,91.460625,132.59634392037032
679,91.46125,132.56164521981358
680,91.461875,132.77377773380246
681,91.4625,132.8016746274624
682,91.463125,132.751795716774
683,91.46375,132.94570290050734
684,91.464375,132.9925377368106
685,91.465,133.0487949517884
686,91.465625,133.211618248546
687,91.46625,133.198324001397
688,91.466875,133.21920583552168
689,91.4675,133.28343410723863
690,91.468125,133.34719092366174
691,91.46875,133.3209947696103
692,91.469375,133.3284874503752
693,91.47,133.50456507186126
694,91.470625,133.54118354784322
695,91.47125,133.60126854963897
696,91.471875,133.70587562773568
697,91.4725,133.82693528269644
698,91.473125,133.83753645118662
699,91.47375,133.8498881500617
700,91.474375,134.04516326324188
701,91.475,134.11043226845334
702,91.475625,134.18370259100493
703,91.47625,134.29665024866665
704,91.476875,134.33675446599048
705,91.4775,134.37999275757437
706,91.478125,134.42631761211797
707,91.47875,134.4756787393066
708,91.479375,134.56057908841038
709,91.48,134.62532698150983
710,91.480625,134.64143881999735
711,91.48125,134.70558896120912
712,91.481875,134.73748723296845
713,91.4825,134.74067062667754
714,91.483125,134.73589509848722
715,91.48375,134.73430267211222
716,91.484375,134.74067062667754
717,91.485,134.7629217742412
718,91.485625,134.76926878923905
719,91.48625,134.72952364055394
720,91.486875,134.6526993507839
721,91.4875,134.67357311354175
722,91.488125,134.62210102431843
723,91.48875,134.54757138902977
724,91.489375,134.50843100148518
725,91.49,134.41145440728522
726,91.490625,134.36006336534035
727,91.49125,134.37335470632422
728,91.491875,134.2949752145012
729,91.4925,134.1853992195166
730,91.493125,134.0606660946737
731,91.49375,133.9428425255092
732,91.494375,133.83753645118662
733,91.495,133.68972584377468
734,91.495625,133.4677915637661
735,91.49625,133.38261694746666
736,91.496875,133.304112568692
737,91.4975,133.2267868001208
738,91.498125,133.14303003801933
739,91.49875,133.05266136166222
740,91.499375,132.97695416745788
741,91.5,132.93003500063224
742,91.500625,132.9025479851678
743,91.50125,132.90648003124585
744,91.501875,132.93983074954244
745,91.5025,132.9652481149609
746,91.503125,132.97890364331346
747,91.50375,133.01003589756735
748,91.504375,133.10084682662404
749,91.505,133.26647867256423
750,91.505625,133.36585420896444
751,91.50625,133.39191562048626
752,91.506875,133.5155668334817
753,91.5075,133.5594350562148
754,91.508125,133.5703675808023
755,91.50875,133.6139605939527
756,91.509375,133.66634523843766
757,91.51,133.7612739389269
758,91.510625,133.9113845407237
759,91.51125,133.9533032529535
760,91.511875,133.9898169054441
761,91.5125,134.03481264874426
762,91.513125,134.11556425657196
763,91.51375,134.11727424567837
764,91.514375,134.09501808581342
765,91.515,134.07785907265088
766,91.515625,134.11043226845334
767,91.51625,134.07957650016772
768,91.516875,134.0019540922611
769,91.5175,133.9898169054441
770,91.518125,133.96897076030658
771,91.51875,133.93935281488046
772,91.519375,133.89912004499638
773,91.52,133.8463608851856
774,91.520625,133.78262394468996
775,91.52125,133.70228938093078
776,91.521875,133.5228936071241
777,91.5225,133.60489674085215
778,91.523125,133.81100923020716
779,91.52375,134.00715055645318
780,91.524375,134.08987394018598
781,91.525,134.09501808581342
782,91.525625,134.02272132185055
783,91.52625,133.83223748428833
784,91.526875,133.69511244217247
785,91.5275,133.6103361876251
786,91.528125,133.60489674085215
787,91.52875,133.52472433526623
788,91.529375,133.45857380885445
789,91.53,133.4456524957784
790,91.530625,133.50089471911784
791,91.53125,133.476999546859
792,91.531875,133.3807560177031
793,91.5325,133.24760040032496
794,91.533125,133.29847786876164
795,91.53375,133.3303596110976
796,91.534375,133.1964231611141
797,91.535,133.14303003801933
798,91.535625,133.10084682662404
799,91.53625,133.05459392138494
800,91.536875,132.92807452446138
801,91.5375,132.91630236593284
802,91.538125,132.9339546259867
803,91.53875,132.89467854894386
804,91.539375,132.88286101019838
805,91.54,132.8016746274624
806,91.540625,132.64712092478146
807,91.54125,132.77577334314796
808,91.541875,132.75779633161582
809,91.5425,132.66532822310847
810,91.543125,132.60245285718625
811,91.54375,132.5575538915994
812,91.544375,132.51242162849815
813,91.545,132.46498580795802
814,91.545625,132.7116853262246
815,91.54625,132.9652481149609
816,91.546875,133.2286810078784
817,91.5475,133.5265546776264
818,91.548125,133.7577104969741
819,91.54875,133.93062239939215
820,91.549375,134.02963271241853
821,91.55,133.89736655964913
822,91.550625,133.65553292628869
823,91.55125,133.3397143665932
824,91.551875,133.11429099237418
825,91.5525,133.10853175491837
826,91.553125,133.19262023214003
827,91.55375,133.27590244438815
828,91.554375,133.5155668334817
829,91.555,133.6879295683804
830,91.555625,133.77906925274834
831,91.55625,133.93411561867833
832,91.556875,134.0279053802784
833,91.5575,134.08129358817135
834,91.558125,134.09844582446803
835,91.55875,134.1411788125519
836,91.559375,134.14970023934947
837,91.56,134.11043226845334
838,91.560625,134.09844582446803
839,91.56125,134.1189838982059
840,91.561875,134.1599149284586
841,91.5625,134.20573295405782
842,91.563125,134.24288828429772
843,91.56375,134.28156329963713
844,91.564375,134.32674575779097
845,91.565,134.36172589566183
846,91.565625,134.32006687269597
847,91.56625,134.22770758196904
848,91.566875,134.19896033021524
849,91.5675,134.1326490174659
850,91.568125,134.08472674617576
851,91.56875,134.10872093170502
852,91.569375,134.05205682680855
853,91.57,133.99328640404747
854,91.570625,133.94109784545148
855,91.57125,133.89912004499638
856,91.571875,133.88508224050557
857,91.5725,133.86046135847388
858,91.573125,133.76305511183133
859,91.57375,133.7861771824724
860,91.574375,133.79150431519878
861,91.575,133.7452269248701
862,91.575625,133.6103361876251
863,91.57625,133.55578782137724
864,91.576875,133.5612580994869
865,91.5775,133.60489674085215
866,91.578125,133.5027300893599
867,91.57875,133.44380502376507
868,91.579375,133.50639966678585
869,91.58,133.48251965485417
870,91.580625,133.44749957492158
871,91.58125,133.41233772800652
872,91.581875,133.42530865894315
873,91.5825,133.34345344957737
874,91.583125,133.28719749102282
875,91.58375,133.34345344957737
876,91.584375,133.27778597245322
877,91.585,133.27401850779296
878,91.585625,133.3284874503752
879,91.58625,133.3097436156562
880,91.586875,133.37889468915466
881,91.5875,133.4622620847647
882,91.588125,133.48803625690562
883,91.58875,133.5612580994869
884,91.589375,133.6266341193833
885,91.59,133.67534522850625
886,91.590625,133.6987016528178
887,91.59125,133.73808539136354
888,91.591875,133.77729136109585
889,91.5925,133.78262394468996
890,91.593125,133.80392160057028
891,91.59375,133.80392160057028
892,91.594375,133.76661636224532
893,91.595,133.71304368231048
894,91.595625,133.72199543991832
895,91.59625,133.7755131054569
896,91.596875,133.81809108109934
897,91.5975,133.86398290307434
898,91.598125,133.92537993491067
899,91.59875,134.00715055645318
900,91.599375,133.96027007878362
901,91.6,133.94633083464765
902,91.600625,133.97244859404196
903,91.60125,134.05377936318268
904,91.601875,134.00541874712874
905,91.6025,133.9533032529535
906,91.603125,134.00541874712874
907,91.60375,134.05894492363112
908,91.604375,134.07957650016772
909,91.605,134.07098596476462
910,91.605625,134.10015918666673
911,91.60625,134.05894492363112
912,91.606875,133.99675451734493
913,91.6075,133.97244859404196
914,91.608125,133.9898169054441
915,91.60875,134.0175341675381
916,91.609375,134.050333948763
917,91.61,133.9550454833551
918,91.610625,133.9078821658222
919,91.61125,133.87453897847294
920,91.611875,133.77906925274834
921,91.6125,133.78795325642562
922,91.613125,133.76839644005423
923,91.61375,133.65913852602415
924,91.614375,133.56490303854085
925,91.615,133.51190112773492
926,91.615625,133.46963394146695
927,91.61625,133.33784422133073
928,91.616875,133.3453223876455
929,91.6175,133.32286854583117
930,91.618125,133.13537558532033
931,91.61875,133.0970018112279
932,91.619375,133.11429099237418
933,91.62,133.15831873659909
934,91.620625,133.06038902199225
935,91.62125,132.97890364331346
936,91.621875,132.9437459579198
937,91.6225,133.00226328887143
938,91.623125,132.95938916725942
939,91.62375,132.91041029811748
940,91.624375,132.88286101019838
941,91.625,132.9359137755694
942,91.625625,132.93003500063224
943,91.62625,132.91433878739207
944,91.626875,132.98085268172352
945,91.6275,132.9535262648174
946,91.628125,132.89861415827176
947,91.62875,132.83344746449373
948,91.629375,132.79769483832607
949,91.63,132.70162872021746
950,91.630625,132.60652309607894
951,91.63125,132.74378844297524
952,91.631875,132.67138885108184
953,91.6325,132.58615280147498
954,91.633125,132.6004170222682
955,91.63375,132.6004170222682
956,91.634375,132.50830704308817
957,91.635,132.36096193424186
958,91.635625,132.41728950530242
959,91.63625,132.40480379691664
960,91.636875,132.36096193424186
961,91.6375,132.31900103312802
962,91.638125,132.3147937723831
963,91.63875,132.29583583912836
964,91.639375,132.2641470420752
965,91.64,132.278949535607
966,91.640625,132.24507812192874
967,91.64125,132.194022047588
968,91.641875,132.1576748871398
969,91.6425,132.10825596306103
970,91.643125,132.07587408273926
971,91.64375,132.06721848696762
972,91.644375,132.0172807261968
973,91.645,131.8501969580136
974,91.645625,131.64354075376818
975,91.64625,131.59109920801998
976,91.646875,131.5956719323362
977,91.6475,131.5106843663973
978,91.648125,131.24109659312757
979,91.64875,131.00211998695184
980,91.649375,130.87639610285316
981,91.65,130.82409381366517
982,91.650625,130.67035724033934
983,91.65125,130.62191093740057
984,91.651875,130.60911687169352
985,91.6525,130.58347206523447
986,91.653125,130.5086710685764
987,91.65375,130.58347206523447
988,91.654375,130.76896103420435
989,91.655,130.58090341531536
990,91.655625,130.51126116540135
991,91.65625,130.45931190983973
992,91.656875,130.280323608013
993,91.6575,130.15172079526022
994,91.658125,130.0785360838702
995,91.65875,130.05946118131263
996,91.659375,130.07036625448148
997,91.66,130.06218873342738
998,91.660625,130.01844478380602
999,91.66125,129.88865797452797
1000,91.661875,129.73993776863645
1001,91.6625,129.57132991187686
1002,91.663125,129.38465485013225
1003,91.66375,129.5279365345066
1004,91.664375,129.60876294355634
1005,91.665,129.60876294355634
1006,91.665625,129.46097610177074
1007,91.66625,129.47557669293448
1008,91.666875,129.57132991187686
1009,91.6675,129.7172665919467
1010,91.668125,129.74559632886138
1011,91.66875,129.77947049453016
1012,91.669375,129.82162826846374
1013,91.67,129.82162826846374
1014,91.670625,129.8356355116833
1015,91.67125,129.84962020257754
1016,91.671875,129.84962020257754
1017,91.6725,129.73144301036714
1018,91.673125,129.6030145054656
1019,91.67375,129.50470445208256
1020,91.674375,129.6688929619707
1021,91.675,129.7342755196497
1022,91.675625,129.7144285296316
1023,91.67625,129.59726226046195
1024,91.676875,129.5857463295234
1025,91.6775,129.59438470879144
1026,91.678125,129.60588920006012
1027,91.67875,129.63458393920033
1028,91.679375,129.60588920006012
1029,91.68,129.58286495957228
1030,91.680625,129.75690240222872
1031,91.68125,129.8160190402171
1032,91.681875,129.796358166029
1033,91.6825,129.69169058565686
1034,91.683125,129.68599678693573
1035,91.68375,129.68029925335125
1036,91.684375,129.65461400159884
1037,91.685,129.51923178384848
1038,91.685625,129.51632826062638
1039,91.68625,129.57132991187686
1040,91.686875,129.64031152901424
1041,91.6875,129.7851033673852
1042,91.688125,129.85800022217407
1043,91.68875,129.85800022217407
1044,91.689375,129.97998727160305
1045,91.69,129.93305878501837
1046,91.690625,129.84962020257754
1047,91.69125,129.90811126292388
1048,91.691875,129.92197984265144
1049,91.6925,129.84962020257754
1050,91.693125,129.68029925335125
1051,91.69375,129.94688762035162
1052,91.694375,130.05946118131263
1053,91.695,130.09756918820432
1054,91.695625,130.2055368883471
1055,91.69625,130.3359940816325
1056,91.696875,130.4044287176392
1057,91.6975,130.37027879755775
1058,91.698125,130.4279925623075
1059,91.69875,130.55517505041945
1060,91.699375,130.70588240085542
1061,91.7,130.7210631031841
1062,91.700625,130.70841436112346
1063,91.70125,130.8040859968412
1064,91.701875,131.13810538110894
1065,91.7025,131.05579700385564
1066,91.703125,131.00456706110188
1067,91.70375,131.01434846938565
1068,91.704375,131.0484969140817
1069,91.705,130.9209773280347
1070,91.705625,130.77398759084812
1071,91.70625,130.77398759084812
1072,91.706875,130.81909617852264
1073,91.7075,130.8739126461849
1074,91.708125,130.92838533670383
1075,91.70875,130.90366736430812
1076,91.709375,130.86645801293824
1077,91.71,130.8315848789316
1078,91.710625,130.82409381366517
1079,91.71125,130.84405564868058
1080,91.711875,130.82159535553257
1081,91.7125,130.72611744702067
1082,91.713125,130.8115943300891
1083,91.71375,130.8515295252106
1084,91.714375,130.85401938896223
1085,91.715,130.82908857495178
1086,91.715625,130.8415629267125
1087,91.71625,130.8813608870055
1088,91.716875,130.95057152919563
1089,91.7175,130.89871531763006
1090,91.718125,130.86645801293824
1091,91.71875,130.86894360163402
1092,91.719375,130.95303316719938
1093,91.72,130.89376044605356
1094,91.720625,130.81909617852264
1095,91.72125,130.84405564868058
1096,91.721875,130.77901124028722
1097,91.7225,130.78403198588256
1098,91.723125,130.86894360163402
1099,91.72375,130.83408046568576
1100,91.724375,130.83906948916473
1101,91.725,130.83408046568576
1102,91.725625,130.74126285563236
1103,91.72625,130.667814160351
1104,91.726875,130.64489287253164
1105,91.7275,130.67544116769437
1106,91.728125,130.5086710685764
1107,91.72875,130.43844489767
1108,91.729375,130.4122904375647
1109,91.73,130.3254176545868
1110,91.730625,130.2055368883471
1111,91.73125,130.13821451103036
1112,91.731875,130.1759793080781
1113,91.7325,130.19480031140765
1114,91.733125,130.14632080152828
1115,91.73375,130.03213844837657
1116,91.734375,129.82443152478567
1117,91.735,129.6259854666571
1118,91.735625,129.43463302960103
1119,91.73625,129.25394816203433
1120,91.736875,129.0510612645785
1121,91.7375,128.9369542031162
1122,91.738125,128.89650399019496
1123,91.73875,128.67219686647437
1124,91.739375,128.62727528317976
1125,91.74,128.64976511541013
1126,91.740625,128.6176189290578
1127,91.74125,128.43207853739662
1128,91.741875,128.30614584451135
1129,91.7425,128.28274724368953
1130,91.743125,128.21217085136735
1131,91.74375,128.02801081563086
1132,91.744375,127.78332168729065
1133,91.745,127.60060495935662
1134,91.745625,127.34338977069362
1135,91.74625,127.15869694000908
1136,91.746875,127.12051714386246
1137,91.7475,126.84450458721582
1138,91.748125,126.79697566075275
1139,91.74875,126.86423180359496
1140,91.749375,126.6770029020509
1141,91.75,126.54717868772661
1142,91.750625,126.44438589467839
1143,91.75125,126.36126669925524
1144,91.751875,126.32779502146391
1145,91.7525,126.14992075826424
1146,91.753125,125.84512142712953
1147,91.75375,125.72463708057106
1148,91.754375,125.78285671864666
1149,91.755,125.76498451143974
1150,91.755625,125.36219459616957
1151,91.75625,125.3010757700803
1152,91.756875,125.31521833435221
1153,91.7575,125.36219459616957
1154,91.758125,125.4414757500002
1155,91.75875,125.35750838637796
1156,91.759375,125.19187757771897
1157,91.76,125.06191171698063
1158,91.760625,125.09096154217949
1159,91.76125,125.02789700080208
1160,91.761875,124.78098186280383
1161,91.7625,124.86076097372589
1162,91.763125,124.7156174065512
1163,91.76375,124.4387119965601
1164,91.764375,124.31275126870122
1165,91.765,124.20101699750275
1166,91.765625,124.1956602969703
1167,91.76625,124.37595996223476
1168,91.766875,124.21172049810312
1169,91.7675,124.0005853310754
1170,91.768125,123.75041441672926
1171,91.76875,123.45789395504353
1172,91.769375,123.47537646273301
1173,91.77,123.66539687365609
1174,91.770625,123.97314173908846
1175,91.77125,123.69382861635196
1176,91.771875,123.47537646273301
1177,91.7725,123.39936347993785
1178,91.773125,123.38172714974047
1179,91.77375,123.11886035943674
1180,91.774375,122.88525547523982
1181,91.775,123.11279267519552
1182,91.775625,122.77236867798985
1183,91.77625,122.63237328698251
1184,91.776875,122.88525547523982
1185,91.7775,122.99054027508696
1186,91.778125,122.99054027508696
1187,91.77875,122.99054027508696
1188,91.779375,123.2393323272815
1189,91.78,123.12492380794689
1190,91.780625,123.08239051031693
1191,91.78125,123.28705711568874
1192,91.781875,123.36994967046066
1193,91.7825,123.45789395504353
1194,91.783125,123.49863187056884
1195,91.78375,123.22136770942349
1196,91.784375,123.31082153444746
1197,91.785,123.4695528690599
1198,91.785625,123.51023626726897
1199,91.78625,123.64258428105997
1200,91.786875,123.95112426307072
1201,91.7875,124.34441311289036
1202,91.788125,124.20101699750275
1203,91.78875,123.96213997746804
1204,91.789375,123.80663396340583
1205,91.79,123.97863739864418
1206,91.790625,123.90137992937181
1207,91.79125,123.98961829724712
1208,91.791875,124.29157907140998
1209,91.7925,124.43349994141539
1210,91.793125,124.44912673358493
1211,91.79375,124.45952899786782
1212,91.794375,124.6700752068227
1213,91.795,124.56287215195485
1214,91.795625,124.65992220784308
1215,91.79625,125.12954412483353
1216,91.796875,124.86572292166892
1217,91.7975,124.82594774219987
1218,91.798125,124.94473099013527
1219,91.79875,125.07644877416146
1220,91.799375,125.26798662668006
1221,91.8,125.41823278820962
1222,91.800625,125.46465668086091
1223,91.80125,125.39492746261533
1224,91.801875,125.42753743788148
1225,91.8025,125.52463915843667
1226,91.803125,125.44611688804173
1227,91.80375,125.52463915843667
1228,91.804375,125.57507201905658
1229,91.805,125.41823278820962
1230,91.805625,125.54301227927594
1231,91.80625,125.62975775880162
1232,91.806875,125.64337556609283
1233,91.8075,125.64337556609283
1234,91.808125,125.87608719838673
1235,91.80875,126.09411796425532
1236,91.809375,125.94645428410604
1237,91.81,125.76051070776727
1238,91.810625,125.53383057690078
1239,91.81125,125.27272137176217
1240,91.811875,125.44611688804173
1241,91.8125,125.3199274099016
1242,91.813125,124.98396714782226
1243,91.81375,124.5731391621787
1244,91.814375,124.60897842756549
1245,91.815,124.73578198818586
1246,91.815625,124.82096301343289
1247,91.81625,125.17753258744263
1248,91.816875,125.43218602757663
1249,91.8175,125.55218428608183
1250,91.818125,125.34812837505808
1251,91.81875,125.25376688603393
1252,91.819375,125.31521833435221
1253,91.82,125.59789960023275
1254,91.820625,125.65244225756125
1255,91.82125,125.78731903040064
1256,91.821875,125.99885800045534
1257,91.8225,125.89373248558887
1258,91.823125,125.72463708057106
1259,91.82375,125.61611856787334
1260,91.824375,125.75603459860453
1261,91.825,126.18408359340816
1262,91.825625,126.28155983558426
1263,91.82625,125.95521022198268
1264,91.826875,126.23083916802389
1265,91.8275,126.26890740852828
1266,91.828125,126.19686009432141
1267,91.82875,126.22659904607586
1268,91.829375,126.46091470963404
1269,91.83,126.62044342083658
1270,91.830625,126.59202496713037
1271,91.83125,126.68505284668461
1272,91.831875,126.82077263355046
1273,91.8325,126.97777446142877
1274,91.833125,127.13580920703433
1275,91.83375,127.42505258249878
1276,91.834375,127.57522350632746
1277,91.835,127.40285694102205
1278,91.835625,127.62230161419701
1279,91.83625,127.81517057477433
1280,91.836875,127.95184868076234
1281,91.8375,128.0589765868881
1282,91.838125,128.04178701144193
1283,91.83875,128.0383450103515
1284,91.839375,128.2020415328572
1285,91.84,128.22902684275877
1286,91.840625,128.21891717375547
1287,91.84125,128.18851737342888
1288,91.841875,128.2222883710181
1289,91.8425,128.11716798635274
1290,91.843125,127.99693425425845
1291,91.84375,128.0898323551737
1292,91.844375,128.0383450103515
1293,91.845,128.00039270130316
1294,91.845625,128.02111451543686
1295,91.84625,127.86799390586204
1296,91.846875,127.87852013171674
1297,91.8475,127.93096075974263
1298,91.848125,127.69065230988497
1299,91.84875,127.615075416078
1300,91.849375,127.59698357525659
1301,91.85,127.58248292140784
1302,91.850625,127.4065601555902
1303,91.85125,127.42874634808202
1304,91.851875,127.57885397226875
1305,91.8525,127.41766033555211
1306,91.853125,127.29852067579952
1307,91.85375,127.23077942538558
1308,91.854375,127.24587875928462
1309,91.855,127.20050178378796
1310,91.855625,127.25718605917362
1311,91.85625,127.42135724543472
1312,91.856875,127.56795801896276
1313,91.8575,127.70855029610262
1314,91.858125,127.8187021420676
1315,91.85875,127.86799390586204
1316,91.859375,127.80102992917975
1317,91.86,127.85393906519332
1318,91.860625,128.07613221094846
1319,91.86125,128.13420917219582
1320,91.861875,128.21217085136735
1321,91.8625,128.3128195979231
1322,91.863125,128.4616391659446
1323,91.86375,128.70733013225322
1324,91.864375,128.87777093554743
1325,91.865,128.88714251312055
1326,91.865625,129.18181579201172
1327,91.86625,129.37285336783023
1328,91.866875,129.4668192837187
1329,91.8675,129.47849386832314
1330,91.868125,129.4492779321398
1331,91.86875,129.49888670930775
1332,91.869375,129.72293993613147
1333,91.87,129.776652687648
1334,91.870625,129.84962020257754
1335,91.87125,129.93582631400085
1336,91.871875,129.86916101990377
1337,91.8725,129.88030749514286
1338,91.873125,129.92197984265144
1339,91.87375,129.9385929614643
1340,91.874375,129.9992373119238
1341,91.875,130.10571348288263
1342,91.875625,130.25635517129746
1343,91.87625,130.3095288276475
1344,91.876875,130.3808007729669
1345,91.8775,130.40967065481584
1346,91.878125,130.25635517129746
1347,91.87875,130.28829841160737
1348,91.879375,130.330707477916
1349,91.88,130.330707477916
1350,91.880625,130.4279925623075
1351,91.88125,130.48792244207684
1352,91.881875,130.52161383604061
1353,91.8825,130.5500202196224
1354,91.883125,130.62191093740057
1355,91.88375,130.69574717258985
1356,91.884375,130.74882566815896
1357,91.885,130.7513451430535
1358,91.885625,130.75889918582973
1359,91.88625,130.7664466646288
1360,91.886875,130.70841436112346
1361,91.8875,130.7387404540935
1362,91.888125,130.76141574086344
1363,91.88875,130.67544116769437
1364,91.889375,130.74882566815896
1365,91.89,130.75386388734782
1366,91.890625,130.6652703355743
1367,91.89125,130.64744267135754
1368,91.891875,130.59630393289262
1369,91.8925,130.51902682496024
1370,91.893125,130.42276167408073
1371,91.89375,130.4279925623075
1372,91.894375,130.5422822327961
1373,91.895,130.7664466646288
1374,91.895625,130.99477462529796
1375,91.89625,131.00211998695184
1376,91.896875,130.9209773280347
1377,91.8975,131.05336432224388
1378,91.898125,131.0289999594575
1379,91.89875,131.08493616332223
1380,91.899375,131.33581824763183
1381,91.9,131.2291834248383
1382,91.900625,131.19573936401113
1383,91.90125,131.23633328637914
1384,91.901875,131.26962170788823
1385,91.9025,131.30751005428147
1386,91.903125,131.36638170190224
1387,91.90375,131.46903644070971
1388,91.904375,131.55672682585487
1389,91.905,131.63216732064114
1390,91.905625,131.70244372613632
1391,91.90625,131.86128863317435
1392,91.906875,131.90771961618285
1393,91.9075,131.87457997415822
1394,91.908125,131.77663451188414
1395,91.90875,131.8856405762361
1396,91.909375,132.01074588728937
1397,91.91,132.11256444015237
1398,91.910625,132.16410015408653
1399,91.91125,132.2004204932829
1400,91.911875,132.2238412173687
1401,91.9125,132.2238412173687
1402,91.913125,132.33371041791025
1403,91.91375,132.39438531223453
1404,91.914375,132.34420189114869
1405,91.915,132.41312959639242
1406,91.915625,132.43598448005335
1407,91.91625,132.43598448005335
1408,91.916875,132.51447819051512
1409,91.9175,132.53911902870894
1410,91.918125,132.58615280147498
1411,91.91875,132.70967493629823
1412,91.919375,132.74979459025022
1413,91.92,132.73777813967598
1414,91.920625,132.68752988176738
1415,91.92125,132.68148050974935
1416,91.921875,132.7116853262246
1417,91.9225,132.73176367459686
1418,91.923125,132.68551389251888
1419,91.92375,132.71570471067304
1420,91.924375,132.80764089419137
1421,91.925,132.94570290050734
1422,91.925625,132.94570290050734
1423,91.92625,132.91041029811748
1424,91.926875,132.88483171687457
1425,91.9275,132.9437459579198
1426,91.928125,133.0255602799629
1427,91.92875,133.07582374775623
1428,91.929375,133.07389590630163
1429,91.93,132.92219043957695
1430,91.930625,132.9476594022924
1431,91.93125,133.05845775135884
1432,91.931875,133.01974188766889
1433,91.9325,133.0970018112279
1434,91.933125,133.1659530061638
1435,91.93375,133.15831873659909
1436,91.934375,133.20782196804936
1437,91.935,133.27590244438815
1438,91.935625,133.36025943283664
1439,91.93625,133.454883966132
1440,91.936875,133.51739910637914
1441,91.9375,133.55213905440988
1442,91.938125,133.55213905440988
1443,91.93875,133.57946751839532
1444,91.939375,133.5703675808023
1445,91.94,133.5265546776264
1446,91.940625,133.55213905440988
1447,91.94125,133.60126854963897
1448,91.941875,133.64831723354717
1449,91.9425,133.65553292628869
1450,91.943125,133.70766819602974
1451,91.94375,133.71483477204526
1452,91.944375,133.65553292628869
1453,91.945,133.67534522850625
1454,91.945625,133.72378468488048
1455,91.94625,133.77017615313042
1456,91.946875,133.73987132529356
1457,91.9475,133.7612739389269
1458,91.948125,133.77017615313042
1459,91.94875,133.73451242149085
1460,91.949375,133.76305511183133
1461,91.95,133.80392160057028
1462,91.950625,133.8428321873357
1463,91.95125,133.83753645118662
1464,91.951875,133.83047044336308
1465,91.9525,133.81455087740736
1466,91.953125,133.77906925274834
1467,91.95375,133.75414559249637
1468,91.954375,133.79505392278313
1469,91.955,133.87278052323097
1470,91.955625,133.73987132529356
1471,91.95625,133.63025173277924
1472,91.956875,133.57218833117852
1473,91.9575,133.61577223013364
1474,91.958125,133.54666302839803
1475,91.95875,133.4622620847647
1476,91.959375,133.38261694746666
1477,91.96,133.36398968397324
1478,91.960625,133.38633761132223
1479,91.96125,133.4104831556416
1480,91.961875,133.37330830908985
1481,91.9625,133.28343410723863
1482,91.963125,133.2721341624904
1483,91.96375,133.39191562048626
1484,91.964375,133.38633761132223
1485,91.965,133.39934739817008
1486,91.965625,133.40491706148248
1487,91.96625,133.32286854583117
1488,91.966875,133.39005668208688
1489,91.9675,133.4659487951927
1490,91.968125,133.47147592846102
1491,91.96875,133.49538628030854
1492,91.969375,133.48803625690562
1493,91.97,133.4641056355809
1494,91.970625,133.53935628589517
1495,91.97125,133.54666302839803
1496,91.971875,133.51190112773492
1497,91.9725,133.43641120366496
1498,91.973125,133.54483691893307
1499,91.97375,133.57946751839532
1500,91.974375,133.51190112773492
1501,91.975,133.43641120366496
1502,91.975625,133.44380502376507
1503,91.97625,133.476999546859
1504,91.976875,133.45857380885445
1505,91.9775,133.4806800086251
1506,91.978125,133.51006769455915
1507,91.97875,133.5357006083841
1508,91.979375,133.59763884225725
1509,91.98,133.66994635359623
1510,91.980625,133.71483477204526
1511,91.98125,133.61577223013364
1512,91.981875,133.6103361876251
1513,91.9825,133.59037487391578
1514,91.983125,133.51006769455915
1515,91.98375,133.4104831556416
1516,91.984375,133.32286854583117
1517,91.985,133.25704466529592
1518,91.985625,133.2513793386652
1519,91.98625,133.17358057164898
1520,91.986875,133.0970018112279
1521,91.9875,133.07775116141954
1522,91.988125,133.08160470613143
1523,91.98875,133.133460917697
1524,91.989375,133.22299714489571
1525,91.99,133.24381981718014
1526,91.990625,133.2267868001208
1527,91.99125,133.22110169706758
1528,91.991875,133.2853160029535
1529,91.9925,133.29471937037408
1530,91.993125,133.2853160029535
1531,91.99375,133.26647867256423
1532,91.994375,133.2343611538932
1533,91.995,133.17358057164898
1534,91.995625,133.11237167082444
1535,91.99625,133.11237167082444
1536,91.996875,133.0333120784587
1537,91.9975,133.04492682006645
1538,91.998125,133.21920583552168
1539,91.99875,133.1257980238272
1540,91.999375,133.0931550929905
1541,92.0,133.0931550929905
1542,92.000625,133.0352489476022
1543,92.00125,133.02943704398086
1544,92.001875,133.02943704398086
1545,92.0025,133.00226328887143
1546,92.003125,132.88877178935675
1547,92.00375,132.92611360569518
1548,92.004375,133.07003893925864
1549,92.005,132.9378724833549
1550,92.005625,132.90844538698184
1551,92.00625,132.9554810053766
1552,92.006875,133.0873818195057
1553,92.0075,133.2059232054146
1554,92.008125,133.26647867256423
1555,92.00875,133.26459269065734
1556,92.009375,133.21920583552168
1557,92.01,133.25893228665248
1558,92.010625,133.30223474150102
1559,92.01125,133.21730956007738
1560,92.011875,133.21920583552168
1561,92.0125,133.2928395111225
1562,92.013125,133.43641120366496
1563,92.01375,133.44380502376507
1564,92.014375,133.4456524957784
1565,92.015,133.43826024883174
1566,92.015625,133.4012043494627
1567,92.01625,133.39191562048626
1568,92.016875,133.37889468915466
1569,92.0175,133.34158410928433
1570,92.018125,133.32661488603938
1571,92.01875,133.3453223876455
1572,92.019375,133.3807560177031
1573,92.02,133.35466105066536
1574,92.020625,133.35652757901423
1575,92.02125,133.37330830908985
1576,92.021875,133.39934739817008
1577,92.0225,133.45857380885445
1578,92.023125,133.49354935746396
1579,92.02375,133.4990589609713
1580,92.024375,133.51190112773492
1581,92.025,133.4659487951927
1582,92.025625,133.42160465477698
1583,92.02625,133.4659487951927
1584,92.026875,133.38633761132223
1585,92.0275,133.39934739817008
1586,92.028125,133.55031409597515
1587,92.02875,133.53204339164037
1588,92.029375,133.48251965485417
1589,92.03,133.44195715871433
1590,92.030625,133.51190112773492
1591,92.03125,133.3807560177031
1592,92.031875,133.26081949787948
1593,92.0325,133.24003758779835
1594,92.033125,133.3097436156562
1595,92.03375,133.30598998999793
1596,92.034375,133.2683642450536
1597,92.035,133.3397143665932
1598,92.035625,133.29095924493095
1599,92.03625,133.211618248546
1600,92.036875,133.15449908410216
1601,92.0375,133.2381458553204
1602,92.038125,133.2721341624904
1603,92.03875,133.2551566336315
1604,92.039375,133.31349561987787
1605,92.04,133.2815518037015
1606,92.040625,133.2381458553204
1607,92.04125,133.26459269065734
1608,92.041875,133.16022793314227
1609,92.0425,133.07967814748136
1610,92.043125,133.05072837186052
1611,92.04375,133.10276869622766
1612,92.044375,133.12196404025664
1613,92.045,133.11045192506836
1614,92.045625,133.06618025876958
1615,92.04625,133.07775116141954
1616,92.046875,133.0970018112279
1617,92.0475,133.10276869622766
1618,92.048125,133.00420709320719
1619,92.04875,133.07967814748136
1620,92.049375,133.22110169706758
1621,92.05,133.11812836360428
1622,92.050625,133.133460917697
1623,92.05125,133.133460917697
1624,92.051875,133.0352489476022
1625,92.0525,133.17739184403925
1626,92.053125,133.23625371074522
1627,92.05375,133.22110169706758
1628,92.054375,133.27778597245322
1629,92.055,133.29847786876164
1630,92.055625,133.31537101438758
1631,92.05625,133.35279412112823
1632,92.056875,133.43641120366496
1633,92.0575,133.4659487951927
1634,92.058125,133.44195715871433
1635,92.05875,133.50456507186126
1636,92.059375,133.54666302839803
1637,92.06,133.55578782137724
1638,92.060625,133.50639966678585
1639,92.06125,133.54118354784322
1640,92.061875,133.55031409597515
1641,92.0625,133.51006769455915
1642,92.063125,133.6645441208287
1643,92.06375,133.6843359027776
1644,92.064375,133.61939436931794
1645,92.065,133.5703675808023
1646,92.065625,133.56490303854085
1647,92.06625,133.5612580994869
1648,92.066875,133.54301042546865
1649,92.0675,133.6139605939527
1650,92.068125,133.64651237335613
1651,92.06875,133.6266341193833
1652,92.069375,133.49171204605827
1653,92.07,133.5228936071241
1654,92.070625,133.56672493464362
1655,92.07125,133.50456507186126
1656,92.071875,133.60671026829127
1657,92.0725,133.69152174776912
1658,92.073125,133.73272538524586
1659,92.07375,133.64109554147615
1660,92.074375,133.5958234196071
1661,92.075,133.60308283468748
1662,92.075625,133.69511244217247
1663,92.07625,133.70228938093078
1664,92.076875,133.67354597637384
1665,92.0775,133.62482474751175
1666,92.078125,133.7040826894203
1667,92.07875,133.72915020938225
1668,92.079375,133.73272538524586
1669,92.08,133.76839644005423
1670,92.080625,133.77017615313042
1671,92.08125,133.77729136109585
1672,92.081875,133.8003756157739
1673,92.0825,133.9950206337903
1674,92.083125,134.07785907265088
1675,92.08375,134.06926683766588
1676,92.084375,134.02272132185055
1677,92.085,133.99848805484953
1678,92.085625,133.98287374788967
1679,92.08625,133.97070985124003
1680,92.086875,133.83047044336308
1681,92.0875,133.76483591955423
1682,92.088125,133.78262394468996
1683,92.08875,133.8498881500617
1684,92.089375,133.8569383855446
1685,92.09,133.88156924161518
1686,92.090625,134.01234391364113
1687,92.09125,134.05894492363112
1688,92.091875,134.15310647062373
1689,92.0925,134.30836645190112
1690,92.093125,134.3700337773455
1691,92.09375,134.4838783902866
1692,92.094375,134.57681136679943
1693,92.095,134.53291440481823
1694,92.095625,134.4147595403685
1695,92.09625,134.32006687269597
1696,92.096875,134.27988535321288
1697,92.0975,134.27988535321288
1698,92.098125,134.25299403254422
1699,92.09875,134.21419131448675
1700,92.099375,134.2091172867085
1701,92.1,134.2395170870351
1702,92.100625,134.30669367584625
1703,92.10125,134.4197148830748
1704,92.101875,134.4937077647472
1705,92.1025,134.55570348365814
1706,92.103125,134.60756937175287
1707,92.10375,134.64143881999735
1708,92.104375,134.60595324194298
1709,92.105,134.58977538359125
1710,92.105625,134.66555067865164
1711,92.10625,134.7167666863415
1712,92.106875,134.75498147783114
1713,92.1075,134.79144688900186
1714,92.108125,134.92489743440396
1715,92.10875,134.9389081923021
1716,92.109375,134.92957019860063
1717,92.11,135.00708177525416
1718,92.110625,134.993180641898
1719,92.11125,135.0302010054008
1720,92.111875,135.15399250175477
1721,92.1125,135.25207099133607
1722,92.113125,135.31635030619836
1723,92.11375,135.36536032903098
1724,92.114375,135.4258688525812
1725,92.115,135.36832176432662
1726,92.115625,135.33866187674568
1727,92.11625,135.39345328110986
1728,92.116875,135.4493680610656
1729,92.1175,135.50929618691478
1730,92.118125,135.5702602347785
1731,92.11875,135.61930059216633
1732,92.119375,135.64658537993674
1733,92.12,135.70089916663088
1734,92.120625,135.8197695017763
1735,92.12125,135.802887300858
1736,92.121875,135.7930241758682
1737,92.1225,135.80429540487958
1738,92.123125,135.82819831334322
1739,92.12375,135.8450314380653
1740,92.124375,135.88278711535548
1741,92.125,135.97715463494973
1742,92.125625,135.9730129089054
1743,92.12625,136.0033398040273
1744,92.126875,136.08824118275427
1745,92.1275,136.10185756685348
1746,92.128125,136.16286851522983
1747,92.12875,136.22881887348316
1748,92.129375,136.2247954550658
1749,92.13,136.21540022468727
1750,92.130625,136.23686012352954
1751,92.13125,136.29959367521514
1752,92.131875,136.22345390133108
1753,92.1325,136.1858060235263
1754,92.133125,136.16557019165535
1755,92.13375,136.0909661677611
1756,92.134375,136.08551534258189
1757,92.135,136.07050791153063
1758,92.135625,136.00471578654708
1759,92.13625,136.01983722520342
1760,92.136875,135.98267386604127
1761,92.1375,135.90508365161764
1762,92.138125,135.8716173473631
1763,92.13875,135.8352160802581
1764,92.139375,135.79725260092764
1765,92.14,135.75912246567864
1766,92.140625,135.77185111840717
1767,92.14125,135.71798056768768
1768,92.141875,135.6034648728519
1769,92.1425,135.67664286768883
1770,92.143125,135.66806562245125
1771,92.14375,135.6250518849691
1772,92.144375,135.60058254674678
1773,92.145,135.62648911333974
1774,92.145625,135.632235649863
1775,92.14625,135.60202382935825
1776,92.146875,135.52821177614686
1777,92.1475,135.44203138554022
1778,92.148125,135.34608634906547
1779,92.14875,135.2445656857295
1780,92.149375,135.13728448121097
1781,92.15,135.10834925621873
1782,92.150625,135.20694157059813
1783,92.15125,135.2445656857295
1784,92.151875,135.21598623261437
1785,92.1525,135.1448830204394
1786,92.153125,135.09766456504335
1787,92.15375,135.15399250175477
1788,92.154375,135.20090655931622
1789,92.155,135.1555098202385
1790,92.155625,135.16612363450614
1791,92.15625,135.18277632562334
1792,92.156875,135.18731243311856
1793,92.1575,135.0363557547376
1794,92.158125,135.00090624023534
1795,92.15875,135.0163368529951
1796,92.159375,135.03174010164622
1797,92.16,135.0302010054008
1798,92.160625,134.99627170585876
1799,92.16125,134.92801288983122
1800,92.161875,134.89211750828477
1801,92.1625,134.9046196905628
1802,92.163125,134.91086403996047
1803,92.16375,134.78828205397392
1804,92.164375,134.7071866600342
1805,92.165,134.64304836130427
1806,92.165625,134.58815593926136
1807,92.16625,134.47239671030925
1808,92.166875,134.39490985059155
1809,92.1675,134.35840051673986
1810,92.168125,134.39159715427448
1811,92.16875,134.33508714865394
1812,92.169375,134.22770758196904
1813,92.17,134.07785907265088
1814,92.170625,133.87981220921552
1815,92.17125,133.7416568920874
1816,92.171875,133.64470713805127
1817,92.1725,133.41604568521888
1818,92.173125,133.3303596110976
1819,92.17375,133.2551566336315
1820,92.174375,133.06038902199225
1821,92.175,133.06231986331136
1822,92.175625,132.97695416745788
1823,92.17625,132.7777684941015
1824,92.176875,132.66734890234014
1825,92.1775,132.58411314204608
1826,92.178125,132.50213150806934
1827,92.17875,132.3756004901243
1828,92.179375,132.27049405707305
1829,92.18,132.2025522615199
1830,92.180625,132.17907398551725
1831,92.18125,132.04119982655925
1832,92.181875,131.91212869731206
1833,92.1825,131.78558442471936
1834,92.183125,131.62305783932578
1835,92.18375,131.55902255459512
1836,92.184375,131.46671680132135
1837,92.185,131.28384921252396
1838,92.185625,131.19095111160868
1839,92.18625,131.0363164470203
1840,92.186875,130.8415629267125
1841,92.1875,130.7210631031841
1842,92.188125,130.5500202196224
1843,92.18875,130.4044287176392
1844,92.189375,130.35974406050155
1845,92.19,130.18136090034324
1846,92.190625,129.99648991679157
1847,92.19125,129.8356355116833
1848,92.191875,129.8468250650995
1849,92.1925,129.69738065440805
1850,92.193125,129.55688952677517
1851,92.19375,129.63458393920033
1852,92.194375,129.49306506724125
1853,92.195,129.29575039291873
1854,92.195625,129.07553719380883
1855,92.19625,128.9493626189951
1856,92.196875,128.86212913474532
1857,92.1975,128.74549594820246
1858,92.198125,128.43865626557016
1859,92.19875,128.40571769883834
1860,92.199375,128.43207853739662
1861,92.2,128.44194326263423
1862,92.200625,128.40901718212135
1863,92.20125,128.45835961535326
1864,92.201875,128.5497221819157
1865,92.2025,128.53997917513075
1866,92.203125,128.71688731968882
1867,92.20375,128.81818164130434
1868,92.204375,128.65618010066336
1869,92.205,128.55296742373864
1870,92.205625,128.48129050834976
1871,92.20625,128.44194326263423
1872,92.206875,128.44194326263423
1873,92.2075,128.49109953213426
1874,92.208125,128.45835961535326
1875,92.20875,128.18851737342888
1876,92.209375,128.30614584451135
1877,92.21,128.4222025958687
1878,92.210625,128.4747449996466
1879,92.21125,128.4845614139196
1880,92.211875,128.51068440996528
1881,92.2125,128.5172029015568
1882,92.213125,128.43865626557016
1883,92.21375,128.27605033538703
1884,92.214375,128.09325401747446
1885,92.215,127.90652786138702
1886,92.215625,127.8469031072241
1887,92.21625,127.65474531522662
1888,92.216875,127.39544577193925
1889,92.2175,127.23077942538558
1890,92.218125,127.07063118155524
1891,92.21875,126.82869049156281
1892,92.219375,126.43196860930688
1893,92.22,126.46916733698936
1894,92.220625,126.33198604187723
1895,92.22125,126.09411796425532
1896,92.221875,126.28155983558426
1897,92.2225,126.17555547329442
1898,92.223125,125.98578668175361
1899,92.22375,125.84955187335568
1900,92.224375,125.75603459860453
1901,92.225,125.63429940054591
1902,92.225625,125.46928545242693
1903,92.22625,125.19665398126968
1904,92.226875,125.2300154639656
1905,92.2275,125.21573337309952
1906,92.228125,124.64467042229467
1907,92.22875,124.76594135750787
1908,92.229375,124.86076097372589
1909,92.23,124.77095775362656
1910,92.230625,124.61919111497139
1911,92.23125,124.58339405078203
1912,92.231875,124.59875371815868
1913,92.2325,124.54744884579272
1914,92.233125,124.52168231951647
1915,92.23375,124.51651982923786
1916,92.234375,124.53199810414715
1917,92.235,124.44912673358493
1918,92.235625,124.27566598670609
1919,92.23625,124.10950073481783
1920,92.236875,124.29157907140998
1921,92.2375,124.29687696095397
1922,92.238125,124.25972369473337
1923,92.23875,124.25972369473337
1924,92.239375,124.055213747864
1925,92.24,124.01700996182156
1926,92.240625,124.14191080838435
1927,92.24125,124.24907922080551
1928,92.241875,124.50618563451727
1929,92.2425,124.75589986547845
1930,92.243125,124.84088478739102
1931,92.24375,124.50101392276098
1932,92.244375,124.34967888427813
1933,92.245,124.48548028588516
1934,92.245625,124.48548028588516
1935,92.24625,124.42828475684678
1936,92.246875,124.48548028588516
1937,92.2475,124.99863513268389
1938,92.248125,124.97417471201835
1939,92.24875,124.94473099013527
1940,92.249375,125.06191171698063
1941,92.25,124.97907230991416
1942,92.250625,125.01327838926487
1943,92.25125,125.12473066411846
1944,92.251875,125.2014277597015
1945,92.2525,125.2109674527396
1946,92.253125,125.24427410952833
1947,92.25375,125.37623807479561
1948,92.254375,125.29163458476155
1949,92.255,125.26324929924434
1950,92.255625,125.29635646019074
1951,92.25625,125.34343456806027
1952,92.256875,125.33403933768176
1953,92.2575,125.2300154639656
1954,92.258125,124.94964521354107
1955,92.25875,124.69034567025373
1956,92.259375,124.33387198339508
1957,92.26,123.91245887173874
1958,92.260625,124.11491081885325
1959,92.26125,124.0005853310754
1960,92.261875,123.76731852126296
1961,92.2625,123.69382861635196
1962,92.263125,123.92352370079946
1963,92.26375,124.16882712877134
1964,92.264375,124.37071010433056
1965,92.265,124.73578198818586
1966,92.265625,125.05706061959786
1967,92.26625,125.33873822318347
1968,92.266875,125.57507201905658
1969,92.2675,125.66149949470943
1970,92.268125,125.88932452323186
1971,92.26875,126.39876879960617
1972,92.269375,126.20536733264896
1973,92.27,125.99450307951274
1974,92.270625,125.82737700903165
1975,92.27125,125.88491432276237
1976,92.271875,126.06824141193484
1977,92.2725,126.15419846809614
1978,92.273125,125.97706152819413
1979,92.27375,125.9245257452232
1980,92.274375,125.93768951077094
1981,92.275,126.00321073902705
1982,92.275625,125.95958488318726
1983,92.27625,125.88050188190647
1984,92.276875,125.7515561815741
1985,92.2775,125.50161796913716
1986,92.278125,125.57964233730885
1987,92.27875,125.61156740736152
1988,92.279375,125.52923608346488
1989,92.28,125.42288635898157
1990,92.280625,125.52923608346488
1991,92.28125,125.66602457407099
1992,92.281875,125.4831569852736
1993,92.2825,125.57507201905658
1994,92.283125,125.66149949470943
1995,92.28375,125.64337556609283
1996,92.284375,125.59789960023275
1997,92.285,125.64337556609283
1998,92.285625,125.74259241438222
1999,92.28625,125.80069222725037
2000,92.286875,125.86282966901862
2001,92.2875,125.95083335636319
2002,92.288125,126.08118932435198
2003,92.28875,126.06392114840978
2004,92.289375,126.15847407223762
2005,92.29,126.30260634367204
2006,92.290625,126.059598734965
2007,92.29125,126.04661857368798
2008,92.291875,126.15847407223762
2009,92.2925,126.3152098133147
2010,92.293125,125.9726956624887
2011,92.29375,125.9683276012259
2012,92.294375,126.39044898130908
2013,92.295,126.62854593041486
2014,92.295625,126.54309024818863
2015,92.29625,126.35708978662939
2016,92.296875,126.36961450349034
2017,92.2975,126.39876879960617
2018,92.298125,126.42368054604628
2019,92.29875,126.45265423384447
2020,92.299375,126.36544160423254
2021,92.3,126.20111475501784
2022,92.300625,126.01625588236233
2023,92.30125,125.95521022198268
2024,92.301875,126.059598734965
2025,92.3025,126.10702738893247
2026,92.303125,125.99014597400975
2027,92.30375,125.79623678235244
2028,92.304375,125.87167026992233
2029,92.305,126.08981055546975
2030,92.305625,125.95958488318726
2031,92.30625,126.06392114840978
2032,92.306875,126.09411796425532
2033,92.3075,125.77839211323453
2034,92.308125,125.67054729723388
2035,92.30875,125.61611856787334
2036,92.309375,125.59789960023275
2037,92.31,125.5842102520279
2038,92.310625,125.4414757500002
2039,92.31125,125.22049667984795
2040,92.311875,124.95946532723613
2041,92.3125,124.8756383218759
2042,92.313125,124.82594774219987
2043,92.31375,124.77095775362656
2044,92.314375,124.56287215195485
2045,92.315,124.46472546205996
2046,92.315625,124.4439209260344
2047,92.31625,124.48029622745729
2048,92.316875,124.41262038896184
2049,92.3175,124.36020085968727
2050,92.318125,124.36020085968727
2051,92.31875,124.07153549955945
2052,92.319375,123.93457445246574
2053,92.32,123.89583515443849
2054,92.320625,123.74477239662957
2055,92.32125,123.25725986643853
2056,92.321875,122.85404491475232
2057,92.3225,122.85404491475232
2058,92.323125,122.50962531401187
2059,92.32375,122.11020369539949
2060,92.324375,121.71294576593712
2061,92.325,121.51823522965556
2062,92.325625,121.13809702672945
2063,92.32625,120.66847510973899
2064,92.326875,120.18901791597388
2065,92.3275,119.92147308970551
2066,92.328125,119.79789127437547
2067,92.32875,119.76225680536703
2068,92.329375,119.26631022772222
2069,92.33,119.19036753945997
2070,92.330625,119.36965897107869
2071,92.33125,119.5909674940819
2072,92.331875,119.09449581958127
2073,92.3325,118.98780013289824
2074,92.333125,119.63637214341327
2075,92.33375,120.39893363357685
2076,92.334375,120.99211225189947
2077,92.335,121.52552510808435
2078,92.335625,122.23868552665364
2079,92.33625,122.58090119775916
2080,92.336875,122.6771625040667
2081,92.3375,122.52262814523968
2082,92.338125,122.82899546800934
2083,92.33875,122.90392812228363
2084,92.339375,122.86029600508189
2085,92.34,123.3581562000296
2086,92.340625,123.65969934007163
2087,92.34125,123.98961829724712
2088,92.341875,124.51135426878942
2089,92.3425,124.52684174327261
2090,92.343125,124.72570554896058
2091,92.34375,125.16795608191018
2092,92.344375,125.82293523463773
2093,92.345,126.34036202096223
2094,92.345625,126.70915801378769
2095,92.34625,126.85634629271465
2096,92.346875,126.86817187607714
2097,92.3475,126.91139512112784
2098,92.348125,127.02819503850877
2099,92.34875,127.0552238344766
2100,92.349375,127.13580920703433
2101,92.35,127.17392199147622
2102,92.350625,126.91139512112784
2103,92.35125,127.09369107909458
2104,92.351875,127.3359276657346
2105,92.3525,127.50961429237145
2106,92.353125,127.72997931101307
2107,92.35375,127.89953439109128
2108,92.354375,128.04522764909362
2109,92.355,128.27605033538703
2110,92.355625,128.4747449996466
2111,92.35625,128.6625903516097
2112,92.356875,128.8433217156944
2113,92.3575,128.98339464330402
2114,92.358125,129.11516406208273
2115,92.35875,129.21795685513098
2116,92.359375,129.15763793467985
2117,92.36,129.13642696043198
2118,92.360625,129.12732066258084
2119,92.36125,129.08469791496532
2120,92.361875,129.27785977971814
2121,92.3625,129.33438743363197
2122,92.363125,129.20893567761442
2123,92.36375,129.19990512094782
2124,92.364375,129.31360423196557
2125,92.365,129.45512898634425
2126,92.365625,129.47557669293448
2127,92.36625,129.34920219014526
2128,92.366875,129.16973527596414
2129,92.3675,128.96175333384684
2130,92.368125,129.0357287104858
2131,92.36875,129.12732066258084
2132,92.369375,129.20893567761442
2133,92.37,129.19689284776416
2134,92.370625,128.94626217647135
2135,92.37125,128.6176189290578
2136,92.371875,128.28609376256662
2137,92.3725,128.27939943496122
2138,92.373125,128.1035109243598
2139,92.37375,127.83281406984776
2140,92.374375,128.04522764909362
2141,92.375,128.05554139220695
2142,92.375625,128.02456334996225
2143,92.37625,128.0829849841939
2144,92.376875,128.32615174119763
2145,92.3775,128.42549582420693
2146,92.378125,128.38258615483952
2147,92.37875,128.6369209139745
2148,92.379375,128.46491747873617
2149,92.38,128.2054192850437
2150,92.380625,128.3427881945465
2151,92.38125,128.09325401747446
2152,92.381875,127.89253528544418
2153,92.3825,127.85393906519332
2154,92.383125,127.7442360062746
2155,92.38375,127.38431714820285
2156,92.384375,126.96609726096321
2157,92.385,127.03206144838259
2158,92.385625,126.86817187607714
2159,92.38625,126.61233334588877
2160,92.386875,126.30260634367204
2161,92.3875,126.49798994104627
2162,92.388125,126.473290712162
2163,92.38875,126.26046220646475
2164,92.389375,126.04228753912402
2165,92.39,125.95083335636319
2166,92.390625,125.99450307951274
2167,92.39125,126.21386624686721
2168,92.391875,126.20536733264896
2169,92.3925,126.26468583389448
2170,92.393125,126.39460988660448
2171,92.39375,126.39460988660448
2172,92.394375,126.46916733698936
2173,92.395,126.65280820774925
2174,92.395625,127.0010818715806
2175,92.39625,127.21565379746559
2176,92.396875,127.41026179197185
2177,92.3975,127.60784320114055
2178,92.398125,127.75491319217727
2179,92.39875,127.96574610714802
2180,92.399375,128.21217085136735
2181,92.4,128.4616391659446
2182,92.400625,128.80873532211547
2183,92.40125,129.0877493429391
2184,92.401875,129.25394816203433
2185,92.4025,129.60876294355634
2186,92.403125,129.75972662258786
2187,92.40375,129.79916958849668
2188,92.404375,129.96896806348
2189,92.405,130.15711743391662
2190,92.405625,130.3174768742336
2191,92.40625,130.4253775119677
2192,92.406875,130.64489287253164
2193,92.4075,130.80909227342823
2194,92.408125,130.93085326956262
2195,92.40875,131.1284624274257
2196,92.409375,131.3851366665722
2197,92.41,131.61849951351238
2198,92.410625,131.7497293082193
2199,92.41125,132.0172807261968
2200,92.411875,132.3063731322296
2201,92.4125,132.58819198205438
2202,92.413125,132.66330707367808
2203,92.41375,132.88088985629497
2204,92.414375,133.14876645405923
2205,92.415,133.3677183338
2206,92.415625,133.5594350562148
2207,92.41625,133.73451242149085
2208,92.416875,133.89736655964913
2209,92.4175,134.0744231985404
2210,92.418125,134.2479426281343
2211,92.41875,134.39490985059155
2212,92.419375,134.45103324001917
2213,92.42,134.53780281483643
2214,92.420625,134.65430680699987
2215,92.42125,134.8056743936376
2216,92.421875,134.9233392875457
2217,92.4225,134.94201862729972
2218,92.423125,134.9233392875457
2219,92.42375,135.12663534642115
2220,92.424375,135.32676950502574
2221,92.425,135.47572889962387
2222,92.425625,135.52966511667364
2223,92.42625,135.64658537993674
2224,92.426875,135.73644758998375
2225,92.4275,135.80007040780978
2226,92.428125,135.91898997805606
2227,92.42875,135.96195864124974
2228,92.429375,135.98267386604127
2229,92.43,136.0349323843892
2230,92.430625,136.0170898300712
2231,92.43125,136.0143415656477
2232,92.431875,136.04178515763465
2233,92.4325,136.06094420982257
2234,92.433125,136.0115924313826
2235,92.43375,135.93703498099774
2236,92.434375,135.91343011892042
2237,92.435,135.92454628058877
2238,92.435625,135.8799960196894
2239,92.43625,135.73644758998375
2240,92.436875,135.61930059216633
2241,92.4375,135.52675819240352
2242,92.438125,135.4346885077354
2243,92.43875,135.25357127454873
2244,92.439375,135.19033518924377
2245,92.44,135.1555098202385
2246,92.440625,135.1037717121665
2247,92.44125,135.02250143071169
2248,92.441875,134.91554435779517
2249,92.4425,134.79302887418754
2250,92.443125,134.7071866600342
2251,92.44375,134.62371415268
2252,92.444375,134.57032209519534
2253,92.445,134.58653619293722
2254,92.445625,134.55407767370707
2255,92.44625,134.44938771768062
2256,92.446875,134.28156329963713
2257,92.4475,134.30502057757698
2258,92.448125,134.2983249598717
2259,92.44875,134.2849182203579
2260,92.449375,134.30167341389853
2261,92.45,134.2714907554414
2262,92.450625,134.29329985725073
2263,92.45125,134.3982212839668
2264,92.451875,134.27484956818165
2265,92.4525,134.25804250094447
2266,92.453125,134.29162417679063
2267,92.45375,134.22264144613683
2268,92.454375,134.15821331426213
2269,92.455,134.10358489747352
2270,92.455625,134.06238692472155
2271,92.45625,134.01580442748693
2272,92.456875,133.93586170163488
2273,92.4575,133.8428321873357
2274,92.458125,133.8428321873357
2275,92.45875,133.71662549252127
2276,92.459375,133.58492290827718
2277,92.46,133.5539636294902
2278,92.460625,133.39377416112416
2279,92.46125,133.29471937037408
2280,92.461875,133.2683642450536
2281,92.4625,133.1850093754532
2282,92.463125,133.0873818195057
2283,92.46375,133.0410569649621
2284,92.464375,133.15067775115972
2285,92.465,133.26081949787948
2286,92.465625,133.32661488603938
2287,92.46625,133.34158410928433
2288,92.466875,133.4178990704042
2289,92.4675,133.44195715871433
2290,92.468125,133.4104831556416
2291,92.46875,133.28343410723863
2292,92.469375,133.27966909216534
2293,92.47,133.28343410723863
2294,92.470625,133.25893228665248
2295,92.47125,133.18881563740635
2296,92.471875,133.15449908410216
2297,92.4725,133.14876645405923
2298,92.473125,133.14876645405923
2299,92.47375,133.22110169706758
2300,92.474375,133.22110169706758
2301,92.475,133.0255602799629
2302,92.475625,133.10853175491837
2303,92.47625,133.2286810078784
2304,92.476875,133.34719092366174
2305,92.4775,133.33410272239797
2306,92.478125,133.36585420896444
2307,92.47875,133.42716006886982
2308,92.479375,133.513734173988
2309,92.48,133.5576116302318
2310,92.480625,133.58128636242625
2311,92.48125,133.5921914355951
2312,92.481875,133.6843359027776
2313,92.4825,133.67714410800693
2314,92.483125,133.64651237335613
2315,92.48375,133.71304368231048
2316,92.484375,133.72378468488048
2317,92.485,133.72199543991832
2318,92.485625,133.71662549252127
2319,92.48625,133.7523625914354
2320,92.486875,133.6987016528178
2321,92.4875,133.5885579322424
2322,92.488125,133.50089471911784
2323,92.48875,133.50089471911784
2324,92.489375,133.52472433526623
2325,92.49,133.55031409597515
2326,92.490625,133.56854644867735
2327,92.49125,133.60126854963897
2328,92.491875,133.64651237335613
2329,92.4925,133.70766819602974
2330,92.493125,133.7505792242927
2331,92.49375,133.79327930031542
2332,92.494375,133.8463608851856
2333,92.495,133.9323691846445
2334,92.495625,133.99155182797818
2335,92.49625,134.01234391364113
2336,92.496875,133.93062239939215
2337,92.4975,133.8463608851856
2338,92.498125,133.8021487891266
2339,92.49875,133.8675030205037
2340,92.499375,133.88683820728363
2341,92.5,133.918385056628
2342,92.500625,133.97070985124003
2343,92.50125,134.0417144287165
2344,92.501875,134.1189838982059
2345,92.5025,134.15821331426213
2346,92.503125,134.0365386079428
2347,92.50375,133.99675451734493
2348,92.504375,134.00368659244396
2349,92.505,134.050333948763
2350,92.505625,134.08129358817135
2351,92.50625,134.05377936318268
2352,92.506875,133.99675451734493
2353,92.5075,134.00715055645318
2354,92.508125,134.11043226845334
2355,92.50875,134.197266348808
2356,92.509375,134.19218242145297
2357,92.51,134.17521447380634
2358,92.510625,134.13776789963234
2359,92.51125,134.0881585477368
2360,92.511875,134.11043226845334
2361,92.5125,134.20234730223632
2362,92.513125,134.25972467188765
2363,92.51375,134.15651136664462
2364,92.514375,134.19218242145297
2365,92.515,134.22939563748656
2366,92.515625,134.24625817362733
2367,92.51625,134.37667436607722
2368,92.516875,134.47403787982535
2369,92.5175,134.57194486766863
2370,92.518125,134.74226188611922
2371,92.51875,134.88585966245353
2372,92.519375,135.00399455658365
2373,92.52,135.09308138510863
2374,92.520625,135.17975093735237
2375,92.52125,135.18277632562334
2376,92.521875,135.13272216491697
2377,92.5225,135.1129243891336
2378,92.523125,135.14336384428543
2379,92.52375,135.1296792888522
2380,92.524375,135.00399455658365
2381,92.525,134.99163469731118
2382,92.525625,134.99008847752285
2383,92.52625,134.99163469731118
2384,92.526875,135.01325292268112
2385,92.5275,134.98544816596842
2386,92.528125,134.98080537406912
2387,92.52875,135.0747244435002
2388,92.529375,135.002450535668
2389,92.53,134.98235324712647
2390,92.530625,135.03943149472656
2391,92.53125,135.01941968874638
2392,92.531875,134.9947263113812
2393,92.5325,134.98080537406912
2394,92.533125,135.00090624023534
2395,92.53375,135.0839077637968
2396,92.534375,135.1676388354935
2397,92.535,135.2385567684106
2398,92.535625,135.27903652066647
2399,92.53625,135.3356903099572
2400,92.536875,135.38311381428798
2401,92.5375,135.36387923266145
2402,92.538125,135.46987784541943
2403,92.53875,135.59337254414294
2404,92.539375,135.69091948109045
2405,92.54,135.68949287525032
2406,92.540625,135.71371336561805
2407,92.54125,135.77043774444945
2408,92.541875,135.87441113627048
2409,92.5425,135.91621049334816
2410,92.543125,135.91621049334816
2411,92.54375,135.87301435414346
2412,92.544375,135.8786001354537
2413,92.545,135.87022011585717
2414,92.545625,135.84783378996508
2415,92.54625,135.82819831334322
2416,92.546875,135.85203562329934
2417,92.5475,135.90369179364848
2418,92.548125,135.97853477154405
2419,92.54875,136.07323846472448
2420,92.549375,136.13851553767464
2421,92.55,136.16421945848444
2422,92.550625,136.14122479834478
2423,92.55125,136.19927043428027
2424,92.551875,136.29427225391953
2425,92.5525,136.3579151432359
2426,92.553125,136.43158055824017
2427,92.55375,136.48512075259364
2428,92.554375,136.50722391905268
2429,92.555,136.64123229181453
2430,92.555625,136.68078036318934
2431,92.55625,136.67950742559813
2432,92.556875,136.82092930818607
2433,92.5575,136.98224332369153
2434,92.558125,137.0788289176098
2435,92.55875,137.0459393165385
2436,92.559375,137.13699357450344
2437,92.56,137.2115510248883
2438,92.560625,137.2605059245894
2439,92.56125,137.28903494316367
2440,92.561875,137.33755628675
2441,92.5625,137.39167415426846
2442,92.563125,137.44312545496587
2443,92.56375,137.46408618554082
2444,92.564375,137.501225267834
2445,92.565,137.56008940536051
2446,92.565625,137.54742691739548
2447,92.56625,137.57503040346003
2448,92.566875,137.61969980973507
2449,92.5675,137.65845581205198
2450,92.568125,137.78267111933448
2451,92.56875,137.83966461703932
2452,92.569375,137.78379224094147
2453,92.57,137.77930688600674
2454,92.570625,137.81177335410976
2455,92.57125,137.85635648619152
2456,92.571875,137.8452321383107
2457,92.5725,137.85746813777533
2458,92.573125,137.8841051828417
2459,92.57375,137.92501124923277
2460,92.574375,137.96243151082217
2461,92.575,138.00406426033786
2462,92.575625,138.04984842317208
2463,92.57625,138.10512097496903
2464,92.576875,138.15789670832567
2465,92.5775,138.19967389879687
2466,92.578125,138.22102040656253
2467,92.57875,138.25294212436634
2468,92.579375,138.2540041638172
2469,92.58,138.22208635608072
2470,92.580625,138.1536004848484
2471,92.58125,138.13531779081455
2472,92.581875,138.14930213531713
2473,92.5825,138.1825588397852
2474,92.583125,138.20287922129026
2475,92.58375,138.24125111177005
2476,92.584375,138.30588566045373
2477,92.585,138.35221051499735
2478,92.585625,138.38574681008765
2479,92.58625,138.41498522551416
2480,92.586875,138.46073337341574
2481,92.5875,138.48351740603843
2482,92.588125,138.50108240623686
2483,92.58875,138.51861195736942
2484,92.589375,138.55664265733165
2485,92.59,138.52376098214413
2486,92.590625,138.45969631417768
2487,92.59125,138.51861195736942
2488,92.591875,138.4783444622621
2489,92.5925,138.43788941858205
2490,92.593125,138.462807120504
2491,92.59375,138.50417842824007
2492,92.594375,138.5134598784248
2493,92.595,138.49798528028566
2494,92.595625,138.53713417899385
2495,92.59625,138.5391897676055
2496,92.596875,138.52787800539363
2497,92.5975,138.52479042091724
2498,92.598125,138.55766820661412
2499,92.59875,138.5894003235498
2500,92.599375,138.6138877532907
2501,92.6,138.64846052753478
2502,92.600625,138.64541551798982
2503,92.60125,138.615925259666
2504,92.601875,138.57098934003326
2505,92.6025,138.5289069563678
2506,92.603125,138.52273142134896
2507,92.60375,138.5679170451343
2508,92.604375,138.51964200654206
2509,92.605,138.4990177783122
2510,92.605625,138.49591991595824
2511,92.60625,138.4783444622621
2512,92.606875,138.44204733615214
2513,92.6075,138.41706992242518
2514,92.608125,138.42436242389903
2515,92.60875,138.39411069098242
2516,92.609375,138.40037832057828
2517,92.61,138.4399686261654
2518,92.610625,138.4824830637165
2519,92.61125,138.46695312995652
2520,92.611875,138.42227947673362
2521,92.6125,138.36585025510712
2522,92.613125,138.27945423101943
2523,92.61375,138.28263025261788
2524,92.614375,138.37318586843648
2525,92.615,138.35221051499735
2526,92.615625,138.34695875255542
2527,92.61625,138.33854932225987
2528,92.616875,138.29532273851703
2529,92.6175,138.3280260720775
2530,92.618125,138.3532604865475
2531,92.61875,138.35011019105093
2532,92.619375,138.3648018044283
2533,92.62,138.38260827721228
2534,92.620625,138.39933402966776
2535,92.62125,138.39933402966776
2536,92.621875,138.4139426893984
2537,92.6225,138.4014224859505
2538,92.623125,138.34170381281135
2539,92.62375,138.39202047568222
2540,92.624375,138.40037832057828
2541,92.625,138.36794677687402
2542,92.625625,138.29320861178442
2543,92.62625,138.26567803520837
2544,92.626875,138.24550420997625
2545,92.6275,138.20608336137138
2546,92.628125,138.17934600836776
2547,92.62875,138.16433706178785
2548,92.629375,138.14822721549172
2549,92.63,138.02044346496157
2550,92.630625,137.8296340767904
2551,92.63125,137.72868639257877
2552,92.631875,137.9371354547441
2553,92.6325,138.11807532433232
2554,92.633125,138.27203899458314
2555,92.63375,138.39933402966776
2556,92.634375,138.50211453619326
2557,92.635,138.51449053872125
2558,92.635625,138.45865913110424
2559,92.63625,138.34590801891378
2560,92.636875,138.23912378145374
2561,92.6375,138.1385469461791
2562,92.638125,138.043322585421
2563,92.63875,138.10512097496903
2564,92.639375,138.17720346034554
2565,92.64,138.2338031750772
2566,92.640625,138.17506038369066
2567,92.64125,138.20928631991228
2568,92.641875,138.26037367495923
2569,92.6425,138.2921513554216
2570,92.643125,138.35536004895513
2571,92.64375,138.45035720489224
2572,92.644375,138.55766820661412
2573,92.645,138.5545911954331
2574,92.645625,138.52376098214413
2575,92.64625,138.46902539279301
2576,92.646875,138.38365458085002
2577,92.6475,138.29849296410296
2578,92.648125,138.18898093962534
2579,92.64875,138.0574557089216
2580,92.649375,137.97230994832373
2581,92.65,137.87856253085215
2582,92.650625,137.7938758288837
2583,92.65125,137.75234600671473
2584,92.651875,137.76471346541135
2585,92.6525,137.771451937152
2586,92.653125,137.75796976193743
2587,92.65375,137.81512503836436
2588,92.654375,137.8485709389046
2589,92.655,137.87190667639766
2590,92.655625,137.91287009648158
2591,92.65625,137.89185895845912
2592,92.656875,137.86080223914237
2593,92.6575,137.83743660891167
2594,92.658125,137.77481921365785
2595,92.65875,137.7388341196683
2596,92.659375,137.72755813517142
2597,92.66,137.71174712379312
2598,92.660625,137.68230724023337
2599,92.66125,137.6641406670478
2600,92.661875,137.6789039006856
2601,92.6625,137.64935229790743
2602,92.663125,137.6652771916995
2603,92.66375,137.71626749320978
2604,92.664375,137.62769313541145
2605,92.665,137.63111659586625
2606,92.665625,137.65162907108902
2607,92.66625,137.60597982851505
2608,92.666875,137.68910992140977
2609,92.6675,137.75796976193743
2610,92.668125,137.78491321785958
2611,92.66875,137.81847542978028
2612,92.669375,137.8385506844135
2613,92.67,137.85969101421432
2614,92.670625,137.91618300338263
2615,92.67125,137.92059824792454
2616,92.671875,137.9371354547441
2617,92.6725,137.98984392276265
2618,92.673125,137.99422189142288
2619,92.67375,137.9865589975531
2620,92.674375,137.9734068593106
2621,92.675,137.96572557178246
2622,92.675625,137.9810813599634
2623,92.67625,137.97998541779577
2624,92.676875,137.9349323121481
2625,92.6775,137.87634447934926
2626,92.678125,137.8452321383107
2627,92.67875,137.8418920538096
2628,92.679375,137.8418920538096
2629,92.68,137.79163604299248
2630,92.680625,137.71513762138534
2631,92.68125,137.62541007858715
2632,92.681875,137.6185573053417
2633,92.6825,137.64479696037648
2634,92.683125,137.6868429529412
2635,92.68375,137.60597982851505
2636,92.684375,137.5669884443555
2637,92.685,137.55548699982796
2638,92.685625,137.55548699982796
2639,92.68625,137.53820622689256
2640,92.686875,137.53243832068546
2641,92.6875,137.54397030543578
2642,92.688125,137.51279874008335
2643,92.68875,137.50006707200083
2644,92.689375,137.501225267834
2645,92.69,137.50932831732771
2646,92.690625,137.4582688324079
2647,92.69125,137.4186071669739
2648,92.691875,137.42678762199722
2649,92.6925,137.30089443386197
2650,92.693125,137.24262758626077
2651,92.69375,137.2485911221202
2652,92.694375,137.2605059245894
2653,92.695,137.18757008851202
2654,92.695625,137.122488884846
2655,92.69625,137.1514740829499
2656,92.696875,137.13578577506632
2657,92.6975,137.14544347128083
2658,92.698125,137.18757008851202
2659,92.69875,137.2366599531589
2660,92.699375,137.34109600953403
2661,92.7,137.4396270768674
2662,92.700625,137.44312545496587
2663,92.70125,137.55088215431888
2664,92.701875,137.65162907108902
2665,92.7025,137.72078551132884
2666,92.703125,137.7860340501262
2667,92.70375,137.87301633971927
2668,92.704375,137.95474050690854
2669,92.705,137.96243151082217
2670,92.705625,137.94043912120728
2671,92.70625,137.91287009648158
2672,92.706875,137.89075169991494
2673,92.7075,137.8385506844135
2674,92.708125,137.78491321785958
2675,92.70875,137.74221406249768
2676,92.709375,137.75347104908894
2677,92.71,137.77930688600674
2678,92.710625,137.79051593342382
2679,92.71125,137.7635898783665
2680,92.711875,137.75796976193743
2681,92.7125,137.76246614595817
2682,92.713125,137.7703292214989
2683,92.71375,137.74784437943694
2684,92.714375,137.7140076025666
2685,92.715,137.67549922710518
2686,92.715625,137.63681936649854
2687,92.71625,137.64821368747937
2688,92.716875,137.68344139047824
2689,92.7175,137.72868639257877
2690,92.718125,137.59338411264108
2691,92.71875,137.45594079979196
2692,92.719375,137.3198360025255
2693,92.72,137.18997116375553
2694,92.720625,137.02149610457775
2695,92.72125,136.85218479221123
2696,92.721875,136.6985819292115
2697,92.7225,136.65911501209197
2698,92.723125,136.8371961955012
2699,92.72375,137.13940866964984
2700,92.724375,137.3458133970977
2701,92.725,137.38463439461952
2702,92.725625,137.293780682737
2703,92.72625,137.05813517593907
2704,92.726875,136.71254332419795
2705,92.7275,136.44859247558713
2706,92.728125,136.2862840041492
2707,92.72875,136.28228712258252
2708,92.729375,136.3645178722791
2709,92.73,136.45120673885384
2710,92.730625,136.4681802978509
2711,92.73125,136.62715570884134
2712,92.731875,136.6896857066961
2713,92.7325,136.6361161734878
2714,92.733125,136.61433898873796
2715,92.73375,136.58993499440365
2716,92.734375,136.56288214607574
2717,92.735,136.53703895641289
2718,92.735625,136.5873621597764
2719,92.73625,136.60278774850684
2720,92.736875,136.54997016266915
2721,92.7375,136.51111864580716
2722,92.738125,136.5409203400947
2723,92.73875,136.61049028194518
2724,92.739375,136.6629422382557
2725,92.74,136.67441380889267
2726,92.740625,136.67568749312957
2727,92.74125,136.67950742559813
2728,92.741875,136.68841407363064
2729,92.7425,136.7353409478841
2730,92.743125,136.80337698481512
2731,92.74375,136.81591797694188
2732,92.744375,136.81591797694188
2733,92.745,136.78830385367786
2734,92.745625,136.71127503338195
2735,92.74625,136.69222841445375
2736,92.746875,136.67059163517285
2737,92.7475,136.63355698382932
2738,92.748125,136.52927098185603
2739,92.74875,136.4407449614517
2740,92.749375,136.35527264560736
2741,92.75,136.2569307393414
2742,92.750625,136.22345390133108
2743,92.75125,136.17501944699188
2744,92.751875,136.09505204300922
2745,92.7525,135.95089028723453
2746,92.753125,135.88697207792165
2747,92.75375,135.85623542496293
2748,92.754375,135.766196242141
2749,92.755,135.75629134126046
2750,92.755625,135.71513599925285
2751,92.75625,135.59914102493812
2752,92.756875,135.51075269561915
2753,92.7575,135.48303717909423
2754,92.758125,135.48303717909423
2755,92.75875,135.37867884373563
2756,92.759375,135.33717622042838
2757,92.76,135.2954743382208
2758,92.760625,135.21447944283904
2759,92.76125,135.1037717121665
2760,92.761875,134.98854198243498
2761,92.7625,134.8842944962833
2762,92.763125,134.8670590281911
2763,92.76375,134.78036491766963
2764,92.764375,134.71038117630343
2765,92.765,134.7597465266686
2766,92.765625,134.68799485041134
2767,92.76625,134.6269395109191
2768,92.766875,134.5962501432187
2769,92.7675,134.60756937175287
2770,92.768125,134.61887386855472
2771,92.76875,134.6301636719205
2772,92.769375,134.63982898037858
2773,92.77,134.62371415268
2774,92.770625,134.59948571399113
2775,92.77125,134.57194486766863
2776,92.771875,134.5832957938554
2777,92.7725,134.59463190574073
2778,92.773125,134.60110304751
2779,92.77375,134.5913945260394
2780,92.774375,134.55407767370707
2781,92.775,134.51333320628356
2782,92.775625,134.48059945871196
2783,92.77625,134.36172589566183
2784,92.776875,134.25131055746616
2785,92.7775,134.15480908547545
2786,92.778125,134.06754737024698
2787,92.77875,134.01061313957183
2788,92.779375,133.9585288961301
2789,92.78,133.90087317642588
2790,92.780625,134.01234391364113
2791,92.78125,134.09673212422808
2792,92.781875,134.1275271167938
2793,92.7825,134.0468871671154
2794,92.783125,134.05894492363112
2795,92.78375,134.06926683766588
2796,92.784375,133.94633083464765
2797,92.785,133.96375139732245
2798,92.785625,133.89736655964913
2799,92.78625,133.6987016528178
2800,92.786875,133.67354597637384
2801,92.7875,133.63386784009128
2802,92.788125,133.5594350562148
2803,92.78875,133.3844774786161
2804,92.789375,133.35839370634721
2805,92.79,133.29471937037408
2806,92.790625,133.10853175491837
2807,92.79125,133.20402402761363
2808,92.791875,133.1792968532887
2809,92.7925,133.07582374775623
2810,92.793125,133.07582374775623
2811,92.79375,133.1046901406859
2812,92.794375,133.07582374775623
2813,92.795,132.91041029811748
2814,92.795625,132.84929040484244
2815,92.79625,132.83741090952626
2816,92.796875,132.86312931239414
2817,92.7975,132.89074115556815
2818,92.798125,132.9359137755694
2819,92.79875,132.97695416745788
2820,92.799375,132.99059131895638
2821,92.8,133.0719676368658
2822,92.800625,133.14494259767432
2823,92.80125,133.198324001397
2824,92.801875,133.2815518037015
2825,92.8025,133.44195715871433
2826,92.803125,133.61214857983578
2827,92.80375,133.68613292143263
2828,92.804375,133.8463608851856
2829,92.805,133.98113709095335
2830,92.805625,134.05205682680855
2831,92.80625,134.17351585453073
2832,92.806875,134.26476923091323
2833,92.8075,134.31171103786392
2834,92.808125,134.25972467188765
2835,92.80875,134.2479426281343
2836,92.809375,134.26308803674598
2837,92.81,134.30167341389853
2838,92.810625,134.2395170870351
2839,92.81125,134.21419131448675
2840,92.811875,134.21250030121593
2841,92.8125,134.11385393075406
2842,92.813125,134.1428837668489
2843,92.81375,134.16331715711078
2844,92.814375,134.0417144287165
2845,92.815,134.2091172867085
2846,92.815625,134.36172589566183
2847,92.81625,134.4576122137388
2848,92.816875,134.49698175258771
2849,92.8175,134.46254317591382
2850,92.818125,134.4015314553628
2851,92.81875,134.37335470632422
2852,92.819375,134.3816514780297
2853,92.82,134.37999275757437
2854,92.820625,134.35341006004523
2855,92.82125,134.44938771768062
2856,92.821875,134.4230168749937
2857,92.8225,134.3517459371092
2858,92.823125,134.43126636714962
2859,92.82375,134.41641163540686
2860,92.824375,134.39159715427448
2861,92.825,134.39159715427448
2862,92.825625,134.3384214633352
2863,92.82625,134.30334715696915
2864,92.826875,134.28659519490466
2865,92.8275,134.27484956818165
2866,92.828125,134.25972467188765
2867,92.82875,134.23277076464697
2868,92.829375,134.18709551668792
2869,92.83,134.1411788125519
2870,92.830625,134.06238692472155
2871,92.83125,133.96897076030658
2872,92.831875,134.050333948763
2873,92.8325,134.1052972463481
2874,92.833125,134.13094205280714
2875,92.83375,134.1189838982059
2876,92.834375,134.0019540922611
2877,92.835,133.95678736436727
2878,92.835625,134.0175341675381
2879,92.83625,133.95156067302227
2880,92.836875,133.92712777466664
2881,92.8375,133.92712777466664
2882,92.838125,133.92712777466664
2883,92.83875,134.06582756237322
2884,92.839375,134.16671805364527
2885,92.84,134.16671805364527
2886,92.840625,134.15651136664462
2887,92.84125,134.18709551668792
2888,92.841875,134.2479426281343
2889,92.8425,134.29999934824085
2890,92.843125,134.28156329963713
2891,92.84375,134.21080895866592
2892,92.844375,134.07785907265088
2893,92.845,134.10187221095748
2894,92.845625,134.06582756237322
2895,92.84625,133.96897076030658
2896,92.846875,133.89912004499638
2897,92.8475,133.86398290307434
2898,92.848125,133.86222230924284
2899,92.84875,133.89912004499638
2900,92.849375,133.8021487891266
2901,92.85,133.73272538524586
2902,92.850625,133.71483477204526
2903,92.85125,133.6843359027776
2904,92.851875,133.64470713805127
2905,92.8525,133.57582868732487
2906,92.853125,133.4197520602007
2907,92.85375,133.12771438117375
2908,92.854375,132.9241522441337
2909,92.855,132.89664657651272
2910,92.855625,132.74979459025022
2911,92.85625,132.6146578563439
2912,92.856875,132.51447819051512
2913,92.8575,132.52064495658038
2914,92.858125,132.41936871288578
2915,92.85875,132.39438531223453
2916,92.859375,132.55550750458607
2917,92.86,132.62278500513622
2918,92.860625,132.65319426587826
2919,92.86125,132.67340812102887
2920,92.861875,132.76778815330673
2921,92.8625,132.78375119871507
2922,92.863125,132.76579070828515
2923,92.86375,132.73978203624458
2924,92.864375,132.70565275996424
2925,92.865,132.6248156047102
2926,92.865625,132.50830704308817
2927,92.86625,132.57799128841214
2928,92.866875,132.50419050763762
2929,92.8675,132.3693298439816
2930,92.868125,132.26837890069146
2931,92.86875,132.2046835066878
2932,92.869375,132.21958759845995
2933,92.87,132.32530810563415
2934,92.870625,132.3462986659659
2935,92.87125,132.3462986659659
2936,92.871875,132.34839493474354
2937,92.8725,132.41936871288578
2938,92.873125,132.43390924658559
2939,92.87375,132.45670959043042
2940,92.874375,132.51242162849815
2941,92.875,132.4587793842298
2942,92.875625,132.46498580795802
2943,92.87625,132.53091318054257
2944,92.876875,132.64914584369447
2945,92.8775,132.74979459025022
2946,92.878125,132.78773738035366
2947,92.87875,132.71369525094445
2948,92.879375,132.7777684941015
2949,92.88,132.78175742167474
2950,92.880625,132.7297579270673
2951,92.88125,132.75779633161582
2952,92.881875,132.73777813967598
2953,92.8825,132.66734890234014
2954,92.883125,132.52269957270778
2955,92.88375,132.35049069772583
2956,92.884375,132.23234221108672
2957,92.885,132.18761888501413
2958,92.885625,132.11471787753493
2959,92.88625,132.0845210616894
2960,92.886875,132.05205040840514
2961,92.8875,131.9341405936289
2962,92.888125,131.8324207642664
2963,92.88875,131.70921459017
2964,92.889375,131.5452390717163
2965,92.89,131.52221788241678
2966,92.890625,131.46207566327982
2967,92.89125,131.39215935093648
2968,92.891875,131.40852356717946
2969,92.8925,131.29568769007972
2970,92.893125,131.20052497825785
2971,92.89375,131.2076984594403
2972,92.894375,131.09220570452328
2973,92.895,131.0265597600769
2974,92.895625,130.99477462529796
2975,92.89625,130.86148470067064
2976,92.896875,130.6627257655728
2977,92.8975,130.46712413309587
2978,92.898125,130.34391795899947
2979,92.89875,130.28298268950874
2980,92.899375,130.2135806206442
2981,92.9,130.13280611133007
2982,92.900625,130.04854239968867
2983,92.90125,129.93582631400085
2984,92.901875,129.79354583327398
2985,92.9025,129.63171872735245
2986,92.903125,129.47265853747683
2987,92.90375,129.35216211167267
2988,92.904375,129.28084410877622
2989,92.905,129.19990512094782
2990,92.905625,129.34624125961105
2991,92.90625,129.59150620349976
2992,92.906875,129.6688929619707
2993,92.9075,129.86079176635303
2994,92.908125,130.06218873342738
2995,92.90875,130.23499422689966
2996,92.909375,130.26701597611915
2997,92.91,130.42276167408073
2998,92.910625,130.6372389819162
2999,92.91125,130.60143137674757
3000,92.911875,130.5345373462927
3001,92.9125,130.454099854695
3002,92.913125,130.3755413785355
3003,92.91375,130.32806296894807
3004,92.914375,130.34127746965308
3005,92.915,130.4044287176392
3006,92.915625,130.3755413785355
3007,92.91625,130.34391795899947
3008,92.916875,130.37291048660623
3009,92.9175,130.57576383549792
3010,92.918125,130.70841436112346
3011,92.91875,130.8813608870055
3012,92.919375,131.11397789437802
3013,92.92,131.33346275212233
3014,92.920625,131.49219882680373
3015,92.92125,131.63899316746634
3016,92.921875,131.8590714309573
3017,92.9225,131.91433239886848
3018,92.923125,131.87457997415822
3019,92.92375,131.75421930037822
3020,92.924375,131.61621945321892
3021,92.925,131.5956719323362
3022,92.925625,131.63444319898196
3023,92.92625,131.5106843663973
3024,92.926875,131.41319340043069
3025,92.9275,131.32403437709826
3026,92.928125,131.22679882917802
3027,92.92875,131.18136668069073
3028,92.929375,131.03875390729675
3029,92.93,130.84405564868058
3030,92.930625,131.0363164470203
3031,92.93125,131.1115614554591
3032,92.931875,131.13087416967028
3033,92.9325,131.13810538110894
3034,92.933125,131.29095423511896
3035,92.93375,131.39449898452318
3036,92.934375,131.4295180736389
3037,92.935,131.53143368130583
3038,92.935625,131.58194653105286
3039,92.93625,131.60709322213182
3040,92.936875,131.63899316746634
3041,92.9375,131.80791894368025
3042,92.938125,131.90992443651146
3043,92.93875,131.87900590527974
3044,92.939375,131.86572134040915
3045,92.94,132.02381065230665
3046,92.940625,132.2132032617976
3047,92.94125,132.05205040840514
3048,92.941875,132.15338873376484
3049,92.9425,132.27049405707305
3050,92.943125,132.29372684564024
3051,92.94375,132.30005229049175
3052,92.944375,132.35049069772583
3053,92.945,132.42975729161262
3054,92.945625,132.47945024033993
3055,92.94625,132.51858985432588
3056,92.946875,132.53296536948022
3057,92.9475,132.50624901923348
3058,92.948125,132.62278500513622
3059,92.94875,132.72574504197027
3060,92.949375,132.79172173346853
3061,92.95,132.76579070828515
3062,92.950625,132.8016746274624
3063,92.95125,132.87300076434659
3064,92.951875,132.9515710842491
3065,92.9525,133.03137477731585
3066,92.953125,133.07775116141954
3067,92.95375,133.08545654195422
3068,92.954375,133.08545654195422
3069,92.955,133.0931550929905
3070,92.955625,133.08930667040292
3071,92.95625,133.02362124889376
3072,92.956875,133.03137477731585
3073,92.9575,133.07003893925864
3074,92.958125,133.12963031580998
3075,92.95875,133.27590244438815
3076,92.959375,133.39934739817008
3077,92.96,133.513734173988
3078,92.960625,133.660940764777
3079,92.96125,133.77195550162338
3080,92.961875,133.9078821658222
3081,92.9625,134.1189838982059
3082,92.963125,134.19896033021524
3083,92.96375,134.19048711752683
3084,92.964375,134.1189838982059
3085,92.965,134.1241108376394
3086,92.965625,134.050333948763
3087,92.96625,133.96549153348735
3088,92.966875,133.9550454833551
3089,92.9675,133.94807446400975
3090,92.968125,133.90963352980395
3091,92.96875,133.84106730068163
3092,92.969375,133.94109784545148
3093,92.97,134.01580442748693
3094,92.970625,134.1121432680921
3095,92.97125,134.33008327546435
3096,92.971875,134.33508714865394
3097,92.9725,134.345086255251
3098,92.973125,134.4230168749937
3099,92.97375,134.55082514057113
3100,92.974375,134.71517074887478
3101,92.975,134.88272904802494
3102,92.975625,134.95134325475252
3103,92.97625,135.01171054682018
3104,92.976875,135.07319294571997
3105,92.9775,135.140324694626
3106,92.978125,135.1585436622666
3107,92.97875,135.160060185996
3108,92.979375,135.16157644499225
3109,92.98,135.2430638460719
3110,92.980625,135.2954743382208
3111,92.98125,135.3356903099572
3112,92.981875,135.37572093816027
3113,92.9825,135.41262255555614
3114,92.983125,135.43762640380197
3115,92.98375,135.44496679943708
3116,92.984375,135.36536032903098
3117,92.985,135.37128219027147
3118,92.985625,135.39788071624338
3119,92.98625,135.3520213610067
3120,92.986875,135.3237938662032
3121,92.9875,135.3342041452452
3122,92.988125,135.38902358804074
3123,92.98875,135.44349921649228
3124,92.989375,135.55578374869737
3125,92.99,135.64801904993058
3126,92.990625,135.5209414236356
3127,92.99125,135.61786217374157
3128,92.991875,135.6937719900284
3129,92.9925,135.64084833241108
3130,92.993125,135.60058254674678
3131,92.99375,135.90508365161764
3132,92.994375,136.26895088529642
3133,92.995,135.49763531637592
3134,92.995625,134.94978984517346
3135,92.99625,134.52149740430738
3136,92.996875,134.16501777182756
3137,92.9975,134.1241108376394
3138,92.998125,134.37999275757437
3139,92.99875,134.86078309609866
3140,92.999375,135.15399250175477
3141,93.0,135.48595876998553
3142,93.000625,135.77467717655415
3143,93.00125,135.92176857361338
3144,93.001875,135.99921054811966
3145,93.0025,135.98818959230255
3146,93.003125,135.88278711535548
3147,93.00375,135.72082420485108
3148,93.004375,135.54563583342028
3149,93.005,135.37720001685915
3150,93.005625,135.2610688059923
3151,93.00625,135.19637754749652
3152,93.006875,135.1159731394766
3153,93.0075,134.99163469731118
3154,93.008125,135.13424320329543
3155,93.00875,135.23555075016355
3156,93.009375,135.27903652066647
3157,93.01,135.17672449493918
3158,93.010625,135.14792057586047
3159,93.01125,135.1220674317021
3160,93.011875,135.0609312325306
3161,93.0125,134.90930337341456
3162,93.013125,134.8025147393146
3163,93.01375,134.74862401029165
3164,93.014375,134.73748723296845
3165,93.015,134.73430267211222
3166,93.015625,134.73430267211222
3167,93.01625,134.73430267211222
3168,93.016875,134.7629217742412
3169,93.0175,134.81830152962567
3170,93.018125,134.89837084882706
3171,93.01875,134.993180641898
3172,93.019375,135.111399612576
3173,93.02,135.22201077916284
3174,93.020625,135.2730514112906
3175,93.02125,135.3148608284209
3176,93.021875,135.36091628204832
3177,93.0225,135.4170402328429
3178,93.023125,135.47134097852117
3179,93.02375,135.48741919699833
3180,93.024375,135.4888793784993
3181,93.025,135.5441851629137
3182,93.025625,135.490339314571
3183,93.02625,135.45523294288066
3184,93.026875,135.50492519480474
3185,93.0275,135.50200997758049
3186,93.028125,135.4917990052959
3187,93.02875,135.48303717909423
3188,93.029375,135.51366498052087
3189,93.03,135.57170655725923
3190,93.030625,135.63079937211884
3191,93.03125,135.66949575164494
3192,93.031875,135.66806562245125
3193,93.0325,135.68521165132168
3194,93.033125,135.71798056768768
3195,93.03375,135.67950006825342
3196,93.034375,135.62073877242264
3197,93.035,135.536928173906
3198,93.035625,135.41409536431559
3199,93.03625,135.38163574236438
3200,93.036875,135.32081720762778
3201,93.0375,135.19788748051
3202,93.038125,135.06399828398833
3203,93.03875,134.993180641898
3204,93.039375,134.9575541163958
3205,93.04,134.90930337341456
3206,93.040625,134.8025147393146
3207,93.04125,134.69759605585256
3208,93.041875,134.62048759631375
3209,93.0425,134.6671557585117
3210,93.043125,134.60433681137388
3211,93.04375,134.46911344070372
3212,93.044375,134.40814801606217
3213,93.045,134.38330988178427
3214,93.045625,134.35507386421432
3215,93.04625,134.29329985725073
3216,93.046875,134.17181690300686
3217,93.0475,134.05894492363112
3218,93.048125,133.95156067302227
3219,93.04875,133.7844007452767
3220,93.049375,133.67354597637384
3221,93.05,133.55578782137724
3222,93.050625,133.35652757901423
3223,93.05125,133.24760040032496
3224,93.051875,133.17358057164898
3225,93.0525,133.12771438117375
3226,93.053125,133.0835308375592
3227,93.05375,132.9652481149609
3228,93.054375,132.86115367502904
3229,93.055,132.93983074954244
3230,93.055625,132.77377773380246
3231,93.05625,132.69156045707777
3232,93.056875,132.8136030655533
3233,93.0575,132.7457909535635
3234,93.058125,132.76579070828515
3235,93.05875,132.7957042597364
3236,93.059375,132.59023068400907
3237,93.06,132.51653426571423
3238,93.060625,132.46498580795802
3239,93.06125,132.38812821773556
3240,93.061875,132.32320625695166
3241,93.0625,132.2132032617976
3242,93.063125,132.07587408273926
3243,93.06375,132.05421889915115
3244,93.064375,132.073710992294
3245,93.065,132.07587408273926
3246,93.065625,131.99329557576834
3247,93.06625,131.8590714309573
3248,93.066875,131.78334781092096
3249,93.0675,131.78782046273867
3250,93.068125,131.84131340864494
3251,93.06875,131.74748344146133
3252,93.069375,131.60709322213182
3253,93.07,131.5452390717163
3254,93.070625,131.5544304901804
3255,93.07125,131.61165753628734
3256,93.071875,131.70921459017
3257,93.0725,131.67757196997252
3258,93.073125,131.62761377419974
3259,93.07375,131.58194653105286
3260,93.074375,131.60709322213182
3261,93.075,131.66624303966157
3262,93.075625,131.69340768928697
3263,93.07625,131.65489931382555
3264,93.076875,131.70695822189182
3265,93.0775,131.73399603248097
3266,93.078125,131.74298996508688
3267,93.07875,131.7497293082193
3268,93.079375,131.66170732695375
3269,93.08,131.56131767672184
3270,93.080625,131.50606666844797
3271,93.08125,131.4295180736389
3272,93.081875,131.4411597985261
3273,93.0825,131.5245227489921
3274,93.083125,131.42252554168624
3275,93.08375,131.38981908697565
3276,93.084375,131.38747819230093
3277,93.085,131.38045172059128
3278,93.085625,131.39917636193186
3279,93.08625,131.45046195699277
3280,93.086875,131.53833911930414
3281,93.0875,131.63899316746634
3282,93.088125,131.7497293082193
3283,93.08875,131.85463532787924
3284,93.089375,131.92974267473087
3285,93.09,132.01510299279238
3286,93.090625,132.11041046874936
3287,93.09125,132.2110741063419
3288,93.091875,132.32530810563415
3289,93.0925,132.35049069772583
3290,93.093125,132.31058447274268
3291,93.09375,132.2895073218079
3292,93.094375,132.1683810263457
3293,93.095,132.08236012384072
3294,93.095625,132.11902315129745
3295,93.09625,132.09963259214862
3296,93.096875,132.0693831946768
3297,93.0975,132.05205040840514
3298,93.098125,132.17693644652823
3299,93.09875,132.12547706339976
3300,93.099375,132.00638659503323
3301,93.1,131.90330829580458
3302,93.100625,131.94951579740754
3303,93.10125,131.96486383307246
3304,93.101875,131.91653554146447
3305,93.1025,131.82574530116997
3306,93.103125,131.71598018026
3307,93.10375,131.63899316746634
3308,93.104375,131.70695822189182
3309,93.105,131.74523699385068
3310,93.105625,131.7587069727271
3311,93.10625,131.7519745944249
3312,93.106875,131.77439559200113
3313,93.1075,131.82129214052998
3314,93.108125,131.85463532787924
3315,93.10875,131.77887285480028
3316,93.109375,131.81014924017165
3317,93.11,131.81237896413157
3318,93.110625,131.71372556904993
3319,93.11125,131.59109920801998
3320,93.111875,131.5291306481124
3321,93.1125,131.48294128301447
3322,93.113125,131.1885559951898
3323,93.11375,131.00211998695184
3324,93.114375,130.87639610285316
3325,93.115,130.78403198588256
3326,93.115625,130.57062121270823
3327,93.11625,130.39131001761018
3328,93.116875,130.25635517129746
3329,93.1175,130.13821451103036
3330,93.118125,129.97998727160305
3331,93.11875,129.82723387668545
3332,93.119375,129.73993776863645
3333,93.12,129.6688929619707
3334,93.120625,129.58862674395473
3335,93.12125,129.49597637601264
3336,93.121875,129.54531990849705
3337,93.1225,129.40232706302007
3338,93.123125,129.1485538589297
3339,93.12375,128.91830827902248
3340,93.124375,128.89650399019496
3341,93.125,128.8652597491739
3342,93.125625,128.72325294081514
3343,93.12625,128.5302252272915
3344,93.126875,128.30280704391745
3345,93.1275,128.0589765868881
3346,93.128125,127.87150406539175
3347,93.12875,127.7156991768667
3348,93.129375,127.48029480583823
3349,93.13,127.05907823420176
3350,93.130625,126.87998138114322
3351,93.13125,126.68505284668461
3352,93.131875,126.42782556623379
3353,93.1325,125.9639573421963
3354,93.133125,125.6795856847696
3355,93.13375,125.3668782790213
3356,93.134375,124.74081582758382
3357,93.135,124.42828475684678
3358,93.135625,123.91799304818468
3359,93.13625,123.10672074930123
3360,93.136875,122.92256071356476
3361,93.1375,122.54857555703198
3362,93.138125,122.11701348770288
3363,93.13875,121.910360846463
3364,93.139375,121.51093922785063
3365,93.14,121.40075733215511
3366,93.140625,121.76980940364793
3367,93.14125,121.1685204891401
3368,93.141875,120.57955410417556
3369,93.1425,120.00868154958637
3370,93.143125,119.55447210577695
3371,93.14375,119.18082784642188
3372,93.144375,118.61898062335045
3373,93.145,117.639099426792
3374,93.145625,116.52149605401654
3375,93.14625,114.72793004553284
3376,93.146875,112.1918881845044
3377,93.1475,111.3640344813399
3378,93.148125,110.50089614073691
3379,93.14875,109.30765702896836
3380,93.149375,107.12051714386246
3381,93.15,108.29946695941636
3382,93.150625,108.33281014676561
3383,93.15125,106.84845361644413
3384,93.151875,106.72919467697058
3385,93.1525,107.67630731960863
3386,93.153125,108.97412639810159
3387,93.15375,109.96621107579202
3388,93.154375,108.43207853739662
3389,93.155,107.04365036222725
3390,93.155625,107.04365036222725
3391,93.15625,107.67630731960863
3392,93.156875,104.29687696095397
3393,93.1575,92.25567713439472
3394,93.158125,
3395,93.15875,
3396,93.159375,
3397,93.16,
3398,93.160625,
3399,93.16125,
3400,93.161875,
3401,93.1625,
3402,93.163125,
3403,93.16375,
3404,93.164375,
3405,93.165,
3406,93.165625,
3407,93.16625,
3408,93.166875,
3409,93.1675,
3410,93.168125,
3411,93.16875,
3412,93.169375,
3413,93.17,
3414,93.170625,
3415,93.17125,
3416,93.171875,
3417,93.1725,
3418,93.173125,
3419,93.17375,
3420,93.174375,
3421,93.175,
3422,93.175625,
3423,93.17625,
3424,93.176875,
3425,93.1775,
3426,93.178125,
3427,93.17875,
3428,93.179375,
3429,93.18,
3430,93.180625,
3431,93.18125,
3432,93.181875,
3433,93.1825,
3434,93.183125,
3435,93.18375,
3436,93.184375,
3437,93.185,
3438,93.185625,
3439,93.18625,
3440,93.186875,
3441,93.1875,
3442,93.188125,
3443,93.18875,
3444,93.189375,
3445,93.19,
3446,93.190625,
3447,93.19125,
3448,93.191875,
3449,93.1925,
3450,93.193125,
3451,93.19375,81.5836249209525
3452,93.194375,99.7354346853249
3453,93.195,106.60827546698383
3454,93.195625,111.3640344813399
3455,93.19625,114.66394530213138
3456,93.196875,115.73502844291122
3457,93.1975,117.0617905970373
3458,93.198125,118.1374706944414
3459,93.19875,118.71014531649425
3460,93.199375,119.12336860950728
3461,93.2,119.49023385474658
3462,93.200625,119.77117913757232
3463,93.20125,119.46255707199397
3464,93.201875,119.27575654691111
3465,93.2025,119.18082784642188
3466,93.203125,119.18082784642188
3467,93.20375,118.43372950967205
3468,93.204375,118.25506607342646
3469,93.205,118.97803521940426
3470,93.205625,118.608791895334
3471,93.20625,118.7000630290731
3472,93.206875,118.89951816824096
3473,93.2075,118.4545091598652
3474,93.208125,118.73027484957787
3475,93.20875,118.79038505237236
3476,93.209375,118.22315217479954
3477,93.21,118.4545091598652
3478,93.210625,118.46488037260553
3479,93.21125,118.21248809778403
3480,93.211875,117.53589952401401
3481,93.2125,117.67322870307234
3482,93.213125,117.9305243497911
3483,93.21375,117.85302067754601
3484,93.214375,117.48963635398934
3485,93.215,117.4197762752115
3486,93.215625,117.57043591002413
3487,93.21625,117.01292470366133
3488,93.216875,116.56030128447954
3489,93.2175,116.28495191463841
3490,93.218125,116.33807678751322
3491,93.21875,116.3777082918802
3492,93.219375,116.5860754566205
3493,93.22,116.97609402103608
3494,93.220625,117.46641203630799
3495,93.22125,117.75234600671473
3496,93.221875,118.10512097496903
3497,93.2225,118.94867443774102
3498,93.223125,119.24738671340043
3499,93.22375,119.45331184532222
3500,93.224375,119.66350144075626
3501,93.225,119.25685362402484
3502,93.225625,119.51782272803585
3503,93.22625,119.92147308970551
3504,93.226875,118.94867443774102
3505,93.2275,118.169700377573
3506,93.228125,117.37288876789651
3507,93.22875,116.45643290606209
3508,93.229375,115.46109386728526
3509,93.23,113.7505792242927
3510,93.230625,111.22202767298113
3511,93.23125,110.29095505320572
3512,93.231875,106.88784547370221
3513,93.2325,100.66847510973899
3514,93.233125,92.25567713439472
3515,93.23375,
3516,93.234375,
3517,93.235,
3518,93.235625,
3519,93.23625,
3520,93.236875,
3521,93.2375,
3522,93.238125,
3523,93.23875,
3524,93.239375,
3525,93.24,
3526,93.240625,
3527,93.24125,
3528,93.241875,
3529,93.2425,
3530,93.243125,
3531,93.24375,
3532,93.244375,
3533,93.245,
3534,93.245625,
3535,93.24625,
3536,93.246875,
3537,93.2475,
3538,93.248125,
3539,93.24875,
3540,93.249375,
3541,93.25,
3542,93.250625,
3543,93.25125,
3544,93.251875,
3545,93.2525,
3546,93.253125,
3547,93.25375,
3548,93.254375,
3549,93.255,
3550,93.255625,
3551,93.25625,
3552,93.256875,
3553,93.2575,
3554,93.258125,
3555,93.25875,
3556,93.259375,
3557,93.26,
3558,93.260625,
3559,93.26125,
3560,93.261875,
3561,93.2625,
3562,93.263125,
3563,93.26375,
3564,93.264375,
3565,93.265,
3566,93.265625,
3567,93.26625,
3568,93.266875,
3569,93.2675,
3570,93.268125,
3571,93.26875,
3572,93.269375,
3573,93.27,
3574,93.270625,
3575,93.27125,
3576,93.271875,
3577,93.2725,
3578,93.273125,
3579,93.27375,
3580,93.274375,
3581,93.275,
3582,93.275625,
3583,93.27625,
3584,93.276875,
3585,93.2775,
3586,93.278125,
3587,93.27875,
3588,93.279375,
3589,93.28,
3590,93.280625,
3591,93.28125,
3592,93.281875,
3593,93.2825,
3594,93.283125,
3595,93.28375,
3596,93.284375,
3597,93.285,
3598,93.285625,
3599,93.28625,
3600,93.286875,
3601,93.2875,
3602,93.288125,
3603,93.28875,
3604,93.289375,
3605,93.29,
3606,93.290625,
3607,93.29125,
3608,93.291875,
3609,93.2925,
3610,93.293125,
3611,93.29375,
3612,93.294375,
3613,93.295,
3614,93.295625,
3615,93.29625,
3616,93.296875,
3617,93.2975,
3618,93.298125,
3619,93.29875,
3620,93.299375,
3621,93.3,
3622,93.300625,
3623,93.30125,
3624,93.301875,
3625,93.3025,
3626,93.303125,
3627,93.30375,
3628,93.304375,
3629,93.305,
3630,93.305625,
3631,93.30625,
3632,93.306875,
3633,93.3075,
3634,93.308125,
3635,93.30875,
3636,93.309375,
3637,93.31,
3638,93.310625,
3639,93.31125,
3640,93.311875,
3641,93.3125,
3642,93.313125,
3643,93.31375,
3644,93.314375,
3645,93.315,
3646,93.315625,
3647,93.31625,
3648,93.316875,
3649,93.3175,
3650,93.318125,
3651,93.31875,
3652,93.319375,
3653,93.32,
3654,93.320625,
3655,93.32125,
3656,93.321875,
3657,93.3225,
3658,93.323125,
3659,93.32375,
3660,93.324375,
3661,93.325,
3662,93.325625,
3663,93.32625,
3664,93.326875,
3665,93.3275,
3666,93.328125,
3667,93.32875,
3668,93.329375,
3669,93.33,
3670,93.330625,
3671,93.33125,
3672,93.331875,
3673,93.3325,
3674,93.333125,
3675,93.33375,
3676,93.334375,
3677,93.335,
3678,93.335625,
3679,93.33625,
3680,93.336875,
3681,93.3375,
3682,93.338125,
3683,93.33875,
3684,93.339375,
3685,93.34,
3686,93.340625,
3687,93.34125,
3688,93.341875,
3689,93.3425,
3690,93.343125,
3691,93.34375,
3692,93.344375,
3693,93.345,
3694,93.345625,
3695,93.34625,
3696,93.346875,
3697,93.3475,
3698,93.348125,
3699,93.34875,
3700,93.349375,
3701,93.35,
3702,93.350625,
3703,93.35125,
3704,93.351875,
3705,93.3525,
3706,93.353125,
3707,93.35375,
3708,93.354375,
3709,93.355,
3710,93.355625,
3711,93.35625,
3712,93.356875,
3713,93.3575,
3714,93.358125,
3715,93.35875,
3716,93.359375,
3717,93.36,
3718,93.360625,
3719,93.36125,
3720,93.361875,
3721,93.3625,
3722,93.363125,
3723,93.36375,
3724,93.364375,
3725,93.365,
3726,93.365625,
3727,93.36625,
3728,93.366875,
3729,93.3675,
3730,93.368125,
3731,93.36875,
3732,93.369375,
3733,93.37,
3734,93.370625,
3735,93.37125,
3736,93.371875,
3737,93.3725,
3738,93.373125,
3739,93.37375,
3740,93.374375,
3741,93.375,
3742,93.375625,
3743,93.37625,
3744,93.376875,
3745,93.3775,
3746,93.378125,
3747,93.37875,
3748,93.379375,
3749,93.38,
3750,93.380625,
3751,93.38125,
3752,93.381875,
3753,93.3825,
3754,93.383125,
3755,93.38375,
3756,93.384375,
3757,93.385,
3758,93.385625,
3759,93.38625,
3760,93.386875,
3761,93.3875,
3762,93.388125,
3763,93.38875,
3764,93.389375,
3765,93.39,
3766,93.390625,
3767,93.39125,
3768,93.391875,
3769,93.3925,
3770,93.393125,
3771,93.39375,
3772,93.394375,
3773,93.395,
3774,93.395625,
3775,93.39625,
3776,93.396875,
3777,93.3975,
3778,93.398125,
3779,93.39875,
3780,93.399375,
3781,93.4,
3782,93.400625,
3783,93.40125,
3784,93.401875,
3785,93.4025,
3786,93.403125,
3787,93.40375,
3788,93.404375,
3789,93.405,
3790,93.405625,
3791,93.40625,
3792,93.406875,
3793,93.4075,
3794,93.408125,
3795,93.40875,
3796,93.409375,
3797,93.41,
3798,93.410625,
3799,93.41125,
3800,93.411875,
3801,93.4125,
3802,93.413125,
3803,93.41375,
3804,93.414375,
3805,93.415,
3806,93.415625,
3807,93.41625,
3808,93.416875,
3809,93.4175,
3810,93.418125,
3811,93.41875,
3812,93.419375,
3813,93.42,
3814,93.420625,
3815,93.42125,
3816,93.421875,
3817,93.4225,
3818,93.423125,
3819,93.42375,
3820,93.424375,
3821,93.425,
3822,93.425625,
3823,93.42625,
3824,93.426875,
3825,93.4275,
3826,93.428125,
3827,93.42875,
3828,93.429375,
3829,93.43,
3830,93.430625,
3831,93.43125,
3832,93.431875,
3833,93.4325,
3834,93.433125,
3835,93.43375,
3836,93.434375,
3837,93.435,
3838,93.435625,
3839,93.43625,
3840,93.436875,
3841,93.4375,
3842,93.438125,
3843,93.43875,
3844,93.439375,
3845,93.44,
3846,93.440625,
3847,93.44125,
3848,93.441875,
3849,93.4425,
3850,93.443125,
3851,93.44375,
3852,93.444375,
3853,93.445,
3854,93.445625,
3855,93.44625,
3856,93.446875,
3857,93.4475,
3858,93.448125,
3859,93.44875,
3860,93.449375,
3861,93.45,
3862,93.450625,
3863,93.45125,
3864,93.451875,
3865,93.4525,
3866,93.453125,
3867,93.45375,
3868,93.454375,
3869,93.455,
3870,93.455625,
3871,93.45625,
3872,93.456875,
3873,93.4575,
3874,93.458125,
3875,93.45875,
3876,93.459375,
3877,93.46,
3878,93.460625,
3879,93.46125,
3880,93.461875,
3881,93.4625,
3882,93.463125,
3883,93.46375,
3884,93.464375,
3885,93.465,
3886,93.465625,
3887,93.46625,
3888,93.466875,
3889,93.4675,
3890,93.468125,
3891,93.46875,
3892,93.469375,
3893,93.47,
3894,93.470625,
3895,93.47125,
3896,93.471875,
3897,93.4725,
3898,93.473125,
3899,93.47375,
3900,93.474375,
3901,93.475,
3902,93.475625,
3903,93.47625,
3904,93.476875,
3905,93.4775,
3906,93.478125,
3907,93.47875,
3908,93.479375,
3909,93.48,
3910,93.480625,
3911,93.48125,
3912,93.481875,
3913,93.4825,
3914,93.483125,
3915,93.48375,
3916,93.484375,
3917,93.485,
3918,93.485625,
3919,93.48625,
3920,93.486875,
3921,93.4875,
3922,93.488125,
3923,93.48875,
3924,93.489375,
3925,93.49,
3926,93.490625,
3927,93.49125,
3928,93.491875,
3929,93.4925,
3930,93.493125,
3931,93.49375,
3932,93.494375,
3933,93.495,
3934,93.495625,
3935,93.49625,
3936,93.496875,
3937,93.4975,
3938,93.498125,
3939,93.49875,
3940,93.499375,
3941,93.5,
3942,93.500625,
3943,93.50125,
3944,93.501875,
3945,93.5025,
3946,93.503125,
3947,93.50375,
3948,93.504375,
3949,93.505,
3950,93.505625,
3951,93.50625,
3952,93.506875,
3953,93.5075,
3954,93.508125,
3955,93.50875,
3956,93.509375,
3957,93.51,
3958,93.510625,
3959,93.51125,
3960,93.511875,
3961,93.5125,
3962,93.513125,
3963,93.51375,
3964,93.514375,
3965,93.515,
3966,93.515625,
3967,93.51625,
3968,93.516875,
3969,93.5175,
3970,93.518125,
3971,93.51875,
3972,93.519375,
3973,93.52,
3974,93.520625,
3975,93.52125,
3976,93.521875,
3977,93.5225,
3978,93.523125,
3979,93.52375,
3980,93.524375,
3981,93.525,
3982,93.525625,
3983,93.52625,
3984,93.526875,
3985,93.5275,
3986,93.528125,
3987,93.52875,
3988,93.529375,
3989,93.53,
3990,93.530625,
3991,93.53125,
3992,93.531875,
3993,93.5325,
3994,93.533125,
3995,93.53375,
3996,93.534375,
3997,93.535,
3998,93.535625,
3999,93.53625,
4000,93.536875,
4001,93.5375,
4002,93.538125,
4003,93.53875,
4004,93.539375,
4005,93.54,
4006,93.540625,
4007,93.54125,
4008,93.541875,
4009,93.5425,
4010,93.543125,
4011,93.54375,
4012,93.544375,
4013,93.545,
4014,93.545625,
4015,93.54625,
4016,93.546875,
4017,93.5475,
4018,93.548125,
4019,93.54875,
4020,93.549375,
4021,93.55,
4022,93.550625,
4023,93.55125,
4024,93.551875,
4025,93.5525,
4026,93.553125,
4027,93.55375,
4028,93.554375,
4029,93.555,
4030,93.555625,
4031,93.55625,
4032,93.556875,
4033,93.5575,
4034,93.558125,
4035,93.55875,
4036,93.559375,
4037,93.56,
4038,93.560625,
4039,93.56125,
4040,93.561875,
4041,93.5625,
4042,93.563125,
4043,93.56375,
4044,93.564375,
4045,93.565,
4046,93.565625,
4047,93.56625,
4048,93.566875,
4049,93.5675,
4050,93.568125,
4051,93.56875,
4052,93.569375,
4053,93.57,
4054,93.570625,
4055,93.57125,
4056,93.571875,
4057,93.5725,
4058,93.573125,
4059,93.57375,
4060,93.574375,
4061,93.575,
4062,93.575625,
4063,93.57625,
4064,93.576875,
4065,93.5775,
4066,93.578125,
4067,93.57875,
4068,93.579375,
4069,93.58,
4070,93.580625,
4071,93.58125,
4072,93.581875,
4073,93.5825,
4074,93.583125,
4075,93.58375,
4076,93.584375,
4077,93.585,
4078,93.585625,
4079,93.58625,
4080,93.586875,
4081,93.5875,
4082,93.588125,
4083,93.58875,
4084,93.589375,
4085,93.59,
4086,93.590625,
4087,93.59125,
4088,93.591875,
4089,93.5925,
4090,93.593125,
4091,93.59375,
4092,93.594375,
4093,93.595,
4094,93.595625,
4095,93.59625,
4096,93.596875,
4097,93.5975,
4098,93.598125,
4099,93.59875,
4100,93.599375,
4101,93.6,
4102,93.600625,
4103,93.60125,
4104,93.601875,
4105,93.6025,
4106,93.603125,
4107,93.60375,
4108,93.604375,
4109,93.605,
4110,93.605625,
4111,93.60625,
4112,93.606875,
4113,93.6075,
4114,93.608125,
4115,93.60875,
4116,93.609375,
4117,93.61,
4118,93.610625,
4119,93.61125,
4120,93.611875,
4121,93.6125,
4122,93.613125,
4123,93.61375,
4124,93.614375,
4125,93.615,
4126,93.615625,
4127,93.61625,
4128,93.616875,
4129,93.6175,
4130,93.618125,
4131,93.61875,
4132,93.619375,
4133,93.62,
4134,93.620625,
4135,93.62125,
4136,93.621875,
4137,93.6225,
4138,93.623125,
4139,93.62375,
4140,93.624375,
4141,93.625,
4142,93.625625,
4143,93.62625,
4144,93.626875,
4145,93.6275,
4146,93.628125,
4147,93.62875,
4148,93.629375,
4149,93.63,
4150,93.630625,
4151,93.63125,
4152,93.631875,
4153,93.6325,
4154,93.633125,
4155,93.63375,
4156,93.634375,
4157,93.635,
4158,93.635625,
4159,93.63625,
4160,93.636875,
4161,93.6375,
4162,93.638125,
4163,93.63875,
4164,93.639375,
4165,93.64,
4166,93.640625,
4167,93.64125,
4168,93.641875,
4169,93.6425,
4170,93.643125,
4171,93.64375,
4172,93.644375,
4173,93.645,
4174,93.645625,
4175,93.64625,
4176,93.646875,
4177,93.6475,
4178,93.648125,
4179,93.64875,
4180,93.649375,
4181,93.65,
4182,93.650625,
4183,93.65125,
4184,93.651875,
4185,93.6525,
4186,93.653125,
4187,93.65375,
4188,93.654375,
4189,93.655,
4190,93.655625,
4191,93.65625,
4192,93.656875,
4193,93.6575,
4194,93.658125,
4195,93.65875,
4196,93.659375,
4197,93.66,
4198,93.660625,
4199,93.66125,
4200,93.661875,
4201,93.6625,
4202,93.663125,
4203,93.66375,
4204,93.664375,
4205,93.665,
4206,93.665625,
4207,93.66625,
4208,93.666875,
4209,93.6675,
4210,93.668125,
4211,93.66875,
4212,93.669375,
4213,93.67,
4214,93.670625,
4215,93.67125,104.81098496565198
4216,93.671875,111.3640344813399
4217,93.6725,114.66394530213138
4218,93.673125,116.81466469223614
4219,93.67375,119.11375500627011
4220,93.674375,120.39893363357685
4221,93.675,121.51823522965556
4222,93.675625,123.05188155854938
4223,93.67625,124.40739264902788
4224,93.676875,125.5842102520279
4225,93.6775,126.61638932991673
4226,93.678125,127.4065601555902
4227,93.67875,128.15121698972723
4228,93.679375,128.85899739155724
4229,93.68,129.5539985666426
4230,93.680625,130.10299956639813
4231,93.68125,130.69321151656888
4232,93.681875,131.38747819230093
4233,93.6825,132.2153318954654
4234,93.683125,132.94961546347352
4235,93.68375,133.56490303854085
4236,93.684375,133.91663545653384
4237,93.685,134.3517459371092
4238,93.685625,134.76768247024313
4239,93.68625,135.10529782824494
4240,93.686875,135.4214556644239
4241,93.6875,135.66091144229387
4242,93.688125,135.81273923863407
4243,93.68875,135.77891454047494
4244,93.689375,135.66806562245125
4245,93.69,135.59192982515648
4246,93.690625,135.6937719900284
4247,93.69125,135.766196242141
4248,93.691875,135.71229049893648
4249,93.6925,135.52675819240352
4250,93.693125,135.50200997758049
4251,93.69375,135.47719104753375
4252,93.694375,135.5005520019769
4253,93.695,135.68235632925845
4254,93.695625,135.93009903106594
4255,93.69625,136.13580543168132
4256,93.696875,136.26895088529642
4257,93.6975,136.3631977279437
4258,93.698125,136.46426626565335
4259,93.69875,136.59764892886986
4260,93.699375,136.8509367299003
4261,93.7,137.19237157544362
4262,93.700625,137.58994574498857
4263,93.70125,138.04114621616932
4264,93.701875,138.3079967042454
4265,93.7025,138.5945075675601
4266,93.703125,138.8965599268643
4267,93.70375,139.156932674163
4268,93.704375,139.37152670350994
4269,93.705,139.56269694796578
4270,93.705625,139.74349002175083
4271,93.70625,139.88370256404633
4272,93.706875,140.1113314226659
4273,93.7075,140.42957464515055
4274,93.708125,140.74932679287
4275,93.70875,140.94160145632512
4276,93.709375,141.09991723058283
4277,93.71,141.33024555713192
4278,93.710625,141.41257688102857
4279,93.71125,141.46776762230357
4280,93.711875,141.5226098908601
4281,93.7125,141.6038683885696
4282,93.713125,141.71864891101274
4283,93.71375,141.86212713955814
4284,93.714375,142.03906354954398
4285,93.715,142.19966589639785
4286,93.715625,142.33746572654496
4287,93.71625,142.44693932510157
4288,93.716875,142.43972758101677
4289,93.7175,142.54663218760044
4290,93.718125,142.74201609158246
4291,93.71875,142.9337211129505
4292,93.719375,143.05677019784437
4293,93.72,143.13340553108253
4294,93.720625,143.164233384282
4295,93.72125,143.29003122619136
4296,93.721875,143.45264233372586
4297,93.7225,143.64087091886128
4298,93.723125,143.83125575183453
4299,93.72375,144.06772983320957
4300,93.724375,144.19083644033202
4301,93.725,143.96984267354088
4302,93.725625,143.69269313172546
4303,93.72625,143.57551144090823
4304,93.726875,143.65855938473985
4305,93.7275,143.61570269946878
4306,93.728125,143.59275904315626
4307,93.72875,143.59792665241412
4308,93.729375,143.66026926163858
4309,93.73,143.78587511771383
4310,93.730625,143.90692116696837
4311,93.73125,144.00222919247602
4312,93.731875,144.12950123633374
4313,93.7325,144.26131924131437
4314,93.733125,144.38435314045813
4315,93.73375,144.4517284678078
4316,93.734375,144.4460036234759
4317,93.735,144.45640962644336
4318,93.735625,144.53715140577447
4319,93.73625,144.53405979170444
4320,93.736875,144.52787326036167
4321,93.7375,144.52838897297204
4322,93.738125,144.55824803503498
4323,93.73875,144.57519110871272
4324,93.739375,144.5613310531594
4325,93.74,144.48599852159654
4326,93.740625,144.44808582164913
4327,93.74125,144.4058237133031
4328,93.741875,144.33756283405714
4329,93.7425,144.038861268033
4330,93.743125,144.02193130078933
4331,93.74375,144.21973947664293
4332,93.744375,144.61000023682942
4333,93.745,144.931448682434
4334,93.745625,145.1660395131385
4335,93.74625,145.2977725224124
4336,93.746875,144.91272058812405
4337,93.7475,144.63652517294562
4338,93.748125,144.41523307950285
4339,93.74875,144.1008375852274
4340,93.749375,143.9676426001659
4341,93.75,144.076426050331
4342,93.750625,144.49066125212173
4343,93.75125,144.68274978901925
4344,93.751875,144.78699078012272
4345,93.7525,144.8124824037452
4346,93.753125,144.73578198818586
4347,93.75375,144.6207219829314
4348,93.754375,144.49894437554173
4349,93.755,144.39483322092605
4350,93.755625,144.4016384986763
4351,93.75625,144.47874040639965
4352,93.756875,144.61765997715185
4353,93.7575,144.79599636894199
4354,93.758125,144.90334137644157
4355,93.75875,144.94571405726757
4356,93.759375,144.8988950545436
4357,93.76,144.83292156002778
4358,93.760625,144.77396620125973
4359,93.76125,144.73074522977387
4360,93.761875,144.75640221588128
4361,93.7625,144.83939223826147
4362,93.763125,144.94325618078662
4363,93.76375,145.00303070233224
4364,93.764375,145.0614267291451
4365,93.765,145.0808051512342
4366,93.765625,145.04297709637015
4367,93.76625,145.00693600881652
4368,93.766875,145.0293575096705
4369,93.7675,145.090478173714
4370,93.768125,145.12665636851347
4371,93.76875,145.17944662218773
4372,93.769375,145.26182759703343
4373,93.77,145.38792365389983
4374,93.770625,145.46095188675994
4375,93.77125,145.50945202138837
4376,93.771875,145.52463915843668
4377,93.7725,145.42753743788148
4378,93.773125,141.85090415211212
4379,93.77375,135.28800645912776
4380,93.774375,133.73629909014633
4381,93.775,151.8739158899316
4382,93.775625,159.30657448341802
4383,93.77625,163.7129392428114
4384,93.776875,159.54376815422506
4385,93.7775,158.2481613391958
4386,93.778125,159.74232693466124
4387,93.77875,161.97578086163955
4388,93.779375,158.8746375707296
4389,93.78,153.5559702194965
4390,93.780625,147.23153501580302
4391,93.78125,148.36503120193387
4392,93.781875,142.96341226154775
4393,93.7825,
4394,93.783125,
4395,93.78375,
4396,93.784375,
4397,93.785,145.90782295143964
4398,93.785625,154.24457339239072
4399,93.78625,155.81836390429157
4400,93.786875,154.97646986146725
4401,93.7875,155.0855903198422
4402,93.788125,156.27322070946403
4403,93.78875,157.42561945715946
4404,93.789375,157.98020461729203
4405,93.79,156.3086326160313
4406,93.790625,154.619519395636
4407,93.79125,153.49373306723098
4408,93.791875,153.4184550088513
4409,93.7925,152.74018276008667
4410,93.793125,151.83130854329835
4411,93.79375,151.3237985365455
4412,93.794375,151.470427927051
4413,93.795,151.52936097891254
4414,93.795625,151.31058123501586
4415,93.79625,150.40809840580474
4416,93.796875,150.30502170412873
4417,93.7975,150.93874594583315
4418,93.798125,152.26435868398107
4419,93.79875,153.01489024835487
4420,93.799375,153.29359150364607
4421,93.8,153.0561396596349
4422,93.800625,152.7293567219753
4423,93.80125,152.62664273853272
4424,93.801875,152.70826738643657
4425,93.8025,152.81479500887627
4426,93.803125,152.51447819051512
4427,93.80375,151.97756026414956
4428,93.804375,151.23871526627562
4429,93.805,150.79857575783643
4430,93.805625,150.5257514517616
4431,93.80625,150.41098064496055
4432,93.806875,150.4099326686509
4433,93.8075,150.43060682557422
4434,93.808125,150.39997058237697
4435,93.80875,150.21170441594134
4436,93.809375,149.8878232877578
4437,93.81,149.6614708321409
4438,93.810625,149.6015768013097
4439,93.81125,149.8933863517313
4440,93.811875,150.06682360723974
4441,93.8125,150.13686272678703
4442,93.813125,150.07417979783415
4443,93.81375,150.0088463571498
4444,93.814375,150.01323552549033
4445,93.815,150.11872849133098
4446,93.815625,150.16197154356155
4447,93.81625,150.15927515089157
4448,93.816875,150.11818658849285
4449,93.8175,150.04799610014206
4450,93.818125,149.94716397260942
4451,93.81875,149.83367585694543
4452,93.819375,149.71499621628504
4453,93.82,149.68286360596687
4454,93.820625,149.66860761268316
4455,93.82125,149.65089762372872
4456,93.821875,149.52677640499533
4457,93.8225,149.37846107128613
4458,93.823125,149.2161533690246
4459,93.82375,149.04401165106185
4460,93.824375,148.9214187140201
4461,93.825,148.820384305017
4462,93.825625,148.73469931581414
4463,93.82625,148.62405769113033
4464,93.826875,148.5149219859146
4465,93.8275,148.428787804401
4466,93.828125,148.41066645387
4467,93.82875,148.37099724099485
4468,93.829375,148.34212334785184
4469,93.83,148.33247734768366
4470,93.830625,148.29177988726082
4471,93.83125,148.23710611437892
4472,93.831875,148.1688698630426
4473,93.8325,148.0843548902985
4474,93.833125,148.0342128077816
4475,93.83375,148.00142996694996
4476,93.834375,147.982740206772
4477,93.835,147.8701001717992
4478,93.835625,147.7538460640184
4479,93.83625,147.64574532515803
4480,93.836875,147.58683565997953
4481,93.8375,147.52094904082932
4482,93.838125,147.455663354047
4483,93.83875,147.396928511724
4484,93.839375,147.3318207737834
4485,93.84,147.28238600781523
4486,93.840625,147.23531198226598
4487,93.84125,147.05252473661605
4488,93.841875,146.89609511509934
4489,93.8425,146.7651446049251
4490,93.843125,146.6697515675782
4491,93.84375,146.61638932991673
4492,93.844375,146.573706739663
4493,93.845,146.5332701344936
4494,93.845625,146.4170443966351
4495,93.84625,146.29461467689566
4496,93.846875,146.18109970372817
4497,93.8475,146.1130452272953
4498,93.848125,146.04878328139716
4499,93.84875,145.98011632901273
4500,93.849375,145.90254170504383
4501,93.85,145.89593562818484
4502,93.850625,145.90958265356034
4503,93.85125,145.92803803384288
4504,93.851875,145.89505443820354
4505,93.8525,145.93900479073278
4506,93.853125,145.96483156992971
4507,93.85375,145.90958265356034
4508,93.854375,145.7891033134057
4509,93.855,145.65380144536437
4510,93.855625,145.51313619074028
4511,93.85625,145.40938412906397
4512,93.856875,145.31427621280042
4513,93.8575,145.2304911294534
4514,93.858125,145.16364320732197
4515,93.85875,145.2333445754837
4516,93.859375,145.30201932443873
4517,93.86,145.3485976162801
4518,93.860625,145.37904404788998
4519,93.86125,145.3832513086349
4520,93.861875,145.37436692234587
4521,93.8625,145.36828289153084
4522,93.863125,145.37109143530552
4523,93.86375,145.39492746261533
4524,93.864375,145.44518885880444
4525,93.865,145.44333250281574
4526,93.865625,145.41916370184194
4527,93.86625,145.4117135976965
4528,93.866875,145.54025878753055
4529,93.8675,145.7003383525834
4530,93.868125,145.67913398869638
4531,93.86875,145.32228099063352
4532,93.869375,144.5854435764258
4533,93.87,145.1059326380868
4534,93.870625,146.37670383455327
4535,93.87125,146.58755074445455
4536,93.871875,146.3916974622021
4537,93.8725,145.83714092462918
4538,93.873125,144.7764724452215
4539,93.87375,144.25227393290115
4540,93.874375,143.85357879069082
4541,93.875,143.55188419295655
4542,93.875625,143.52992823060734
4543,93.87625,143.8963897912407
4544,93.876875,144.39954513489246
4545,93.8775,144.80948726935756
4546,93.878125,145.12569356968322
4547,93.87875,145.3171022709474
4548,93.879375,145.37249536671743
4549,93.88,145.2523436307715
4550,93.880625,145.11943277457448
4551,93.88125,144.99130423650695
4552,93.881875,144.91321395040518
4553,93.8825,144.8582789363785
4554,93.883125,144.76644312751108
4555,93.88375,144.6048899880275
4556,93.884375,144.42463226362824
4557,93.885,144.28521733555084
4558,93.885625,144.1876190469239
4559,93.88625,144.140293173658
4560,93.886875,144.10625306619218
4561,93.8875,144.07859874489253
4562,93.888125,144.05466916090887
4563,93.88875,144.12572088824865
4564,93.889375,144.1715141789515
4565,93.89,144.18440046129984
4566,93.890625,144.1784966216053
4567,93.89125,144.14298906419086
4568,93.891875,144.07751246554668
4569,93.8925,143.97204218979422
4570,93.893125,143.821751060091
4571,93.89375,143.70744286622082
4572,93.894375,143.64886371914483
4573,93.895,143.68530886124216
4574,93.895625,143.79934596702543
4575,93.89625,143.9604885106624
4576,93.896875,144.13975389512817
4577,93.8975,144.1300411517737
4578,93.898125,144.05031123563057
4579,93.89875,143.92960335400295
4580,93.899375,143.82398839403035
4581,93.9,143.8546934380633
4582,93.900625,143.96874270651122
4583,93.90125,144.02848875159822
4584,93.901875,144.03504125556503
4585,93.9025,144.05902490080484
4586,93.903125,144.14137163028192
4587,93.90375,144.0921657865407
4588,93.904375,143.99620017907614
4589,93.905,143.8847349744766
4590,93.905625,143.9091366725634
4591,93.90625,143.94947070029554
4592,93.906875,143.9885208318798
4593,93.9075,144.0109912028155
4594,93.908125,144.02848875159822
4595,93.90875,144.0834853214704
4596,93.909375,144.16936460531235
4597,93.91,144.13867523761195
4598,93.910625,144.12085802185044
4599,93.91125,144.0937924084072
4600,93.911875,144.0175569149805
4601,93.9125,143.9978448705264
4602,93.913125,143.9972966746451
4603,93.91375,144.00715891083271
4604,93.914375,143.9643414448827
4605,93.915,143.91135161319457
4606,93.915625,143.85580794241304
4607,93.91625,143.821751060091
4608,93.916875,143.76675558081504
4609,93.9175,143.7068760316438
4610,93.918125,143.64886371914483
4611,93.91875,143.58298960722297
4612,93.919375,143.53513334490518
4613,93.92,143.49572834734676
4614,93.920625,143.42047991571445
4615,93.92125,143.41637796067337
4616,93.921875,143.4075815284615
4617,93.9225,143.33570439470864
4618,93.923125,143.30013559136736
4619,93.92375,143.28408198648066
4620,93.924375,143.27812866915502
4621,93.925,143.21117124215115
4622,93.925625,143.15457367422903
4623,93.92625,143.11643379435932
4624,93.926875,143.11461342557178
4625,93.9275,143.05004760922253
4626,93.928125,142.98561420682046
4627,93.92875,142.9337211129505
4628,93.929375,142.89335188462357
4629,93.93,142.84528582340045
4630,93.930625,142.77426219752022
4631,93.93125,142.63814485548772
4632,93.931875,142.54274414383002
4633,93.9325,142.4502154122064
4634,93.933125,142.34741482041812
4635,93.93375,142.16656388532368
4636,93.934375,142.08427768398647
4637,93.935,142.0883764129519
4638,93.935625,142.1489481904722
4639,93.93625,142.15979284535024
4640,93.936875,142.2165062010993
4641,93.9375,142.38577778249214
4642,93.938125,142.47180665213347
4643,93.93875,142.54663218760044
4644,93.939375,142.61182103926748
4645,93.94,142.63814485548772
4646,93.940625,142.62146096068693
4647,93.94125,142.59250904071368
4648,93.941875,142.57961047933225
4649,93.9425,142.56022665151949
4650,93.943125,142.54728002572404
4651,93.94375,142.54015114742654
4652,93.944375,142.5265252018988
4653,93.945,142.4502154122064
4654,93.945625,142.35139126927655
4655,93.94625,142.29555463943123
4656,93.946875,142.27084559907928
4657,93.9475,142.26482464865197
4658,93.948125,142.2761940534589
4659,93.94875,142.3308266605349
4660,93.949375,142.3791755553287
4661,93.95,142.41871385122263
4662,93.950625,142.43447891274735
4663,93.95125,142.43775970207363
4664,93.951875,142.43775970207363
4665,93.9525,142.43775970207363
4666,93.953125,142.3950124776917
4667,93.95375,142.3215234345722
4668,93.954375,142.2239056041426
4669,93.955,142.12585824351316
4670,93.955625,142.04798799729966
4671,93.95625,141.98048431221787
4672,93.956875,141.9194184468743
4673,93.9575,141.8705348739935
4674,93.958125,141.84879822662282
4675,93.95875,141.85090415211212
4676,93.959375,141.8248953181592
4677,93.96,141.8206703210894
4678,93.960625,141.8058666262022
4679,93.96125,141.72933222543165
4680,93.961875,141.70509782207753
4681,93.9625,141.68079561335907
4682,93.963125,141.64565179824874
4683,93.96375,141.64277662786895
4684,93.964375,141.59808935333442
4685,93.965,141.5298961001944
4686,93.965625,141.47290091026304
4687,93.96625,141.49705991762494
4688,93.966875,141.52552510808437
4689,93.9675,141.52771087909065
4690,93.968125,141.53280887340682
4691,93.96875,141.53644846685546
4692,93.969375,141.5386314911131
4693,93.97,141.5408139668492
4694,93.970625,141.540086535867
4695,93.97125,141.5196936948824
4696,93.971875,141.4655667127167
4697,93.9725,141.41995593986846
4698,93.973125,141.4000180760469
4699,93.97375,141.4037137275676
4700,93.974375,141.3963208514399
4701,93.975,141.37336286571798
4702,93.975625,141.3592617900253
4703,93.97625,141.3874410861703
4704,93.976875,141.43248597079503
4705,93.9775,141.48169378056485
4706,93.978125,141.53062438507624
4707,93.97875,141.51823522965555
4708,93.979375,141.5072889274657
4709,93.98,141.505098010658
4710,93.980625,141.52698234986917
4711,93.98125,141.57203600710784
4712,93.981875,141.62262374263787
4713,93.9825,141.67649992106672
4714,93.983125,141.7924510316868
4715,93.98375,141.88173254166387
4716,93.984375,141.96179380727904
4717,93.985,142.08291101108017
4718,93.985625,142.11497111053987
4719,93.98625,142.11497111053987
4720,93.986875,142.10815971618354
4721,93.9875,142.0945208821995
4722,93.988125,142.09725036282154
4723,93.98875,142.10543366213588
4724,93.989375,142.0562178183383
4725,93.99,142.04112385150378
4726,93.990625,142.06717879733125
4727,93.99125,142.15979284535024
4728,93.991875,142.20236254020654
4729,93.9925,142.2601388000187
4730,93.993125,142.33613831924688
4731,93.99375,142.3765332586658
4732,93.994375,142.43907167090597
4733,93.995,142.49204055786677
4734,93.995625,142.48290850123308
4735,93.99625,142.47442012880072
4736,93.996875,142.46723117492593
4737,93.9975,142.4619991051115
4738,93.998125,142.4265999587218
4739,93.99875,142.3877574724467
4740,93.999375,142.34343655028533
4741,94.0,142.27953516579691
4742,94.000625,142.27886704613672
4743,94.00125,142.27084559907928
4744,94.001875,142.22323319155177
4745,94.0025,142.1841439264013
4746,94.003125,142.1794143375896
4747,94.00375,142.19899160461176
4748,94.004375,142.19899160461176
4749,94.005,142.21717913463735
4750,94.005625,142.25277021236985
4751,94.00625,142.30954748372938
4752,94.006875,142.3903963573639
4753,94.0075,142.4619991051115
4754,94.008125,142.52262814523968
4755,94.00875,142.59250904071368
4756,94.009375,142.61632100069488
4757,94.01,142.5873519144597
4758,94.010625,142.47507337511684
4759,94.01125,142.36727888526883
4760,94.011875,142.25277021236985
4761,94.0125,142.12721817613502
4762,94.013125,141.95971459969567
4763,94.01375,141.82911826110183
4764,94.014375,141.7314673124115
4765,94.015,141.67076902460278
4766,94.015625,141.63342574581847
4767,94.01625,141.634145401947
4768,94.016875,141.68294266308897
4769,94.0175,141.7214990799105
4770,94.018125,141.78821021967087
4771,94.01875,141.86072505890326
4772,94.019375,141.86563135134492
4773,94.02,141.85581599353773
4774,94.020625,141.8642298362732
4775,94.02125,141.91663249876666
4776,94.021875,141.8754356299746
4777,94.0225,141.862828095023
4778,94.023125,141.87683533824256
4779,94.02375,141.84809613798018
4780,94.024375,141.8093936046232
4781,94.025,141.7620126928532
4782,94.025625,141.70367016105556
4783,94.02625,141.5524445848904
4784,94.026875,141.43027610190177
4785,94.0275,141.35777613370797
4786,94.028125,141.28166871927192
4787,94.02875,141.2132014794803
4788,94.029375,141.15636388864198
4789,94.03,141.12284524118104
4790,94.030625,141.07616119841316
4791,94.03125,141.04695198449326
4792,94.031875,141.0477219077875
4793,94.0325,141.05541738949765
4794,94.033125,141.02690998673077
4795,94.03375,140.99133738329303
4796,94.034375,141.0284533217807
4797,94.035,141.01378055517762
4798,94.035625,140.99830871346995
4799,94.03625,141.00604807924805
4800,94.036875,140.96417334048292
4801,94.0375,140.89706434535464
4802,94.038125,140.81521048457398
4803,94.03875,140.75569883507276
4804,94.039375,140.67892405980723
4805,94.04,140.60875585254098
4806,94.040625,140.57305147266237
4807,94.04125,140.55269931555088
4808,94.041875,140.516763284594
4809,94.0425,140.4609316815101
4810,94.043125,140.37983189411224
4811,94.04375,140.3415019275212
4812,94.044375,140.30300206458944
4813,94.045,140.20260554430297
4814,94.045625,140.1335985548165
4815,94.04625,140.07351805097568
4816,94.046875,140.01735443062455
4817,94.0475,139.9616977587311
4818,94.048125,139.9214730897055
4819,94.04875,139.89865473460083
4820,94.049375,139.90129068312282
4821,94.05,139.85901921140893
4822,94.050625,139.8023353213581
4823,94.05125,139.74259535319794
4824,94.051875,139.70852948166004
4825,94.0525,139.6689171468268
4826,94.053125,139.63637214341327
4827,94.05375,139.6544677533709
4828,94.054375,139.5991578668133
4829,94.055,139.54349352040373
4830,94.055625,139.53799901965877
4831,94.05625,139.46532872217057
4832,94.056875,139.3994946024343
4833,94.0575,139.347214799319
4834,94.058125,139.3153192836537
4835,94.05875,139.29932749662197
4836,94.059375,139.29273407577003
4837,94.06,139.29273407577003
4838,94.060625,139.31719873614145
4839,94.06125,139.30779740430245
4840,94.061875,139.25874576860002
4841,94.0625,139.30967848490278
4842,94.063125,139.3218955889234
4843,94.06375,139.31155915821054
4844,94.064375,139.29932749662197
4845,94.065,139.29461842107258
4846,94.065625,139.27764457857555
4847,94.06625,139.2426493859647
4848,94.066875,139.17127766443934
4849,94.0675,139.14064632693876
4850,94.068125,139.12625061682388
4851,94.06875,139.06068914500713
4852,94.069375,139.00729708752246
4853,94.07,138.93297467813352
4854,94.070625,138.8113257298018
4855,94.07125,138.7603819495242
4856,94.071875,138.7633869278064
4857,94.0725,138.8073409197133
4858,94.073125,138.8242637517064
4859,94.07375,138.83618946017677
4860,94.074375,138.84710699415353
4861,94.075,138.86098222016815
4862,94.075625,138.8560293263588
4863,94.07625,138.83022865268805
4864,94.076875,138.78439271709635
4865,94.0775,138.76438835625487
4866,94.078125,138.7393179421574
4867,94.07875,138.71417495685327
4868,94.079375,138.69703605931323
4869,94.08,138.6859281363881
4870,94.080625,138.65048994101085
4871,94.08125,138.5822451330932
4872,94.081875,138.56484366314618
4873,94.0825,138.60267291682237
4874,94.083125,138.6727822504985
4875,94.08375,138.73027484957785
4876,94.084375,138.7693937673529
4877,94.085,138.79337967044654
4878,94.085625,138.80036310015325
4879,94.08625,138.74433781725412
4880,94.086875,138.72424088640497
4881,94.0875,138.72625267324386
4882,94.088125,138.6748059899387
4883,94.08875,138.56689270529725
4884,94.089375,138.45035720489224
4885,94.09,138.36270452332718
4886,94.090625,138.32170599687404
4887,94.09125,138.25931241408207
4888,94.091875,138.16755544864787
4889,94.0925,138.07265032168476
4890,94.093125,138.01717009403984
4891,94.09375,137.99750392042023
4892,94.094375,138.023715602743
4893,94.095,138.04549840949005
4894,94.095625,138.07481881243078
4895,94.09625,138.11375935423706
4896,94.096875,138.19325970308034
4897,94.0975,138.25506607342646
4898,94.098125,138.31749005715383
4899,94.09875,138.42436242389903
4900,94.099375,138.37318586843648
4901,94.1,138.32065220377137
4902,94.100625,138.3248666093068
4903,94.10125,138.23167401962152
4904,94.101875,138.1546747399531
4905,94.1025,138.08023767194777
4906,94.103125,137.9613332128327
4907,94.10375,137.78379224094147
4908,94.104375,137.6048355179096
4909,94.105,137.46408618554082
4910,94.105625,137.39988000243483
4911,94.10625,137.32456494759293
4912,94.106875,137.23904749842904
4913,94.1075,137.17435229720584
4914,94.108125,137.16954083626683
4915,94.10875,137.16472670859025
4916,94.109375,137.09826044615713
4917,94.11,137.06909682736134
4918,94.110625,137.0788289176098
4919,94.11125,137.1285354494049
4920,94.111875,137.16954083626683
4921,94.1125,137.1623186438013
4922,94.113125,137.14664992862535
4923,94.11375,137.18757008851202
4924,94.114375,137.2485911221202
4925,94.115,137.27953567808774
4926,94.115625,137.26407718057257
4927,94.11625,137.31628760335934
4928,94.116875,137.3928468930319
4929,94.1175,137.46757472818283
4930,94.118125,137.475709216364
4931,94.11875,137.50817120154127
4932,94.119375,137.52435681183283
4933,94.12,137.501225267834
4934,94.120625,137.48035407724373
4935,94.12125,137.4629230265651
4936,94.121875,137.44312545496587
4937,94.1225,137.39988000243483
4938,94.123125,137.36465736844931
4939,94.12375,137.34109600953403
4940,94.124375,137.33755628675
4941,94.125,137.27240440540632
4942,94.125625,137.2247123726808
4943,94.12625,137.2055619950447
4944,94.126875,137.19357153256897
4945,94.1275,137.15870529438857
4946,94.128125,137.13457780765765
4947,94.12875,137.16713410595548
4948,94.129375,137.1791610943601
4949,94.13,137.14544347128083
4950,94.130625,137.06422669006633
4951,94.13125,137.15026829553378
4952,94.131875,137.17314968181614
4953,94.1325,137.17194689989387
4954,94.133125,137.22949337714337
4955,94.13375,137.31510448142905
4956,94.134375,137.3728887678965
4957,94.135,137.37641412395035
4958,94.135625,137.43145871091758
4959,94.13625,137.47803195728923
4960,94.136875,137.5174238145473
4961,94.1375,137.55663782985786
4962,94.138125,137.5773267391345
4963,94.13875,137.5979664866002
4964,94.139375,137.62997559229967
4965,94.14,137.6641406670478
4966,94.140625,137.69703965491996
4967,94.14125,137.72755813517142
4968,94.141875,137.76246614595817
4969,94.1425,137.7703292214989
4970,94.143125,137.75796976193743
4971,94.14375,137.72304363941595
4972,94.144375,137.75234600671473
4973,94.145,137.78154985300128
4974,94.145625,137.79835366872413
4975,94.14625,137.7759413491336
4976,94.146875,137.86413506119698
4977,94.1475,137.99093862181732
4978,94.148125,138.0389693014617
4979,94.14875,138.20715114545754
4980,94.149375,138.37213830289963
4981,94.15,138.4990177783122
4982,94.150625,138.68996902487135
4983,94.15125,138.80534782892025
4984,94.151875,138.85900140154197
4985,94.1525,138.86989031812206
4986,94.153125,138.78339359250356
4987,94.15375,138.6606299020481
4988,94.154375,138.52170173850288
4989,94.155,138.30588566045373
4990,94.155625,138.06179973983888
4991,94.15625,137.8162419791025
4992,94.156875,137.74108756101913
4993,94.1575,137.57503040346003
4994,94.158125,137.45244758050578
4995,94.15875,137.5151115851611
4996,94.159375,137.53243832068546
4997,94.16,137.52551177355758
4998,94.160625,137.51279874008335
4999,94.16125,137.69137629836666
5000,94.161875,137.88188854645398
5001,94.1625,138.06179973983888
5002,94.163125,138.19646739301822
5003,94.16375,138.2540041638172
5004,94.164375,138.30694124648383
5005,94.165,138.37004279272347
5006,94.165625,138.38470075846502
5007,94.16625,138.39828961318864
5008,94.166875,138.40246652581448
5009,94.1675,138.36270452332718
5010,94.168125,138.30694124648383
5011,94.16875,138.24869266751148
5012,94.169375,138.19432906468688
5013,94.17,138.17827480041942
5014,94.170625,138.1536004848484
5015,94.17125,138.12238915091123
5016,94.171875,138.10404057324638
5017,94.1725,138.05636936164507
5018,94.173125,138.00843506915476
5019,94.17375,137.982177163868
5020,94.174375,137.92831952946247
5021,94.175,137.87745357590163
5022,94.175625,137.83074915345128
5023,94.17625,137.76246614595817
5024,94.176875,137.771451937152
5025,94.1775,137.78267111933448
5026,94.178125,137.70269932126868
5027,94.17875,137.7512208186002
5028,94.179375,137.79051593342382
5029,94.18,137.79499550528075
5030,94.180625,137.8296340767904
5031,94.18125,137.8585796471041
5032,94.181875,137.86746660492048
5033,94.1825,137.8106558385549
5034,94.183125,137.8240565452059
5035,94.18375,137.85746813777533
5036,94.184375,137.89517988743785
5037,94.185,137.8095381792034
5038,94.185625,137.80394772420058
5039,94.18625,137.84745814796872
5040,94.186875,137.84300555802727
5041,94.1875,137.8106558385549
5042,94.188125,137.76808335474095
5043,94.18875,137.72191464875493
5044,94.189375,137.71513762138534
5045,94.19,137.68344139047824
5046,94.190625,137.61741465064847
5047,94.19125,137.49659155759443
5048,94.191875,137.41626847831196
5049,94.1925,137.38111237403817
5050,94.193125,137.4127592642161
5051,94.19375,137.3458133970977
5052,94.194375,137.28666110066786
5053,94.195,137.24978333811794
5054,94.195625,137.21274833547508
5055,94.19625,137.24024102500434
5056,94.196875,137.2605059245894
5057,94.1975,137.15026829553378
5058,94.198125,137.20915590846943
5059,94.19875,137.23307740427822
5060,94.199375,137.1611143610073
5061,94.2,137.22590787053392
5062,94.200625,137.24978333811794
5063,94.20125,137.2462061990854
5064,94.201875,137.2462061990854
5065,94.2025,137.1959709496113
5066,94.203125,137.15870529438857
5067,94.20375,137.17074395139278
5068,94.204375,137.15267970300016
5069,94.205,137.14303005374987
5070,94.205625,137.14303005374987
5071,94.20625,137.13820120601574
5072,94.206875,137.13457780765765
5073,94.2075,137.121279066662
5074,94.208125,137.08855011575724
5075,94.20875,137.03617028456475
5076,94.209375,137.01904799586987
5077,94.21,137.03617028456475
5078,94.210625,137.0067970916696
5079,94.21125,137.00802295994316
5080,94.211875,137.0263902529749
5081,94.2125,137.04715967335653
5082,94.213125,137.0605722942598
5083,94.21375,137.0459393165385
5084,94.214375,136.99821116602993
5085,94.215,137.03617028456475
5086,94.215625,137.08612083602162
5087,94.21625,137.1128056178029
5088,94.216875,137.02149610457775
5089,94.2175,137.09947347452834
5090,94.218125,137.16833755446976
5091,94.21875,137.15990991121848
5092,94.219375,137.16472670859025
5093,94.22,137.18276594589062
5094,94.220625,137.20795810254626
5095,94.22125,137.21633927729076
5096,94.221875,137.22949337714337
5097,94.2225,137.2485911221202
5098,94.223125,137.27359335751797
5099,94.22375,137.33047251065688
5100,94.224375,137.33047251065688
5101,94.225,137.2914081370686
5102,94.225625,137.39167415426846
5103,94.22625,137.4045655802359
5104,94.226875,137.4010516338709
5105,94.2275,137.44895295578027
5106,94.228125,137.31628760335934
5107,94.22875,137.21633927729076
5108,94.229375,137.18877070910114
5109,94.23,137.17675702857173
5110,94.230625,137.16954083626683
5111,94.23125,137.1803628777779
5112,94.231875,137.2414343875999
5113,94.2325,137.29496671259318
5114,94.233125,137.32456494759293
5115,94.23375,137.3198360025255
5116,94.234375,137.4442912679517
5117,94.235,137.52204642755586
5118,94.235625,137.56353960983012
5119,94.23625,137.58306492368493
5120,94.236875,137.58535913649226
5121,94.2375,137.55893903258377
5122,94.238125,137.491955374064
5123,94.23875,137.34934975718102
5124,94.239375,137.22590787053392
5125,94.24,137.11522744679894
5126,94.240625,136.94157724131432
5127,94.24125,136.8359459774871
5128,94.241875,136.76186276891198
5129,94.2425,136.6934994892549
5130,94.243125,136.64378922137024
5131,94.24375,136.64634539844525
5132,94.244375,136.6934994892549
5133,94.245,136.63355698382932
5134,94.245625,136.62971678497314
5135,94.24625,136.67696099062294
5136,94.246875,136.7845314802687
5137,94.2475,136.84094577019277
5138,94.248125,136.8559279035116
5139,94.24875,136.83344500147268
5140,94.249375,136.94281234826812
5141,94.25,137.01047417757988
5142,94.250625,137.04715967335653
5143,94.25125,137.06422669006633
5144,94.251875,137.04471878823773
5145,94.2525,136.99330110957465
5146,94.253125,136.90568252695982
5147,94.25375,136.88581486508687
5148,94.254375,136.87212943849022
5149,94.255,136.83344500147268
5150,94.255625,136.64506740394015
5151,94.25625,136.59122112598786
5152,94.256875,136.57835123233372
5153,94.2575,136.5473854610765
5154,94.258125,136.46426626565335
5155,94.25875,136.37111558595603
5156,94.259375,136.27295390693794
5157,94.26,136.1858060235263
5158,94.260625,136.20330569086298
5159,94.26125,136.2475702230839
5160,94.261875,136.24355548317507
5161,94.2625,136.25024568579965
5162,94.263125,136.27962151272942
5163,94.26375,136.32747777504724
5164,94.264375,136.23284042906303
5165,94.265,136.19792493204878
5166,94.265625,136.19792493204878
5167,94.26625,136.19792493204878
5168,94.266875,136.14934751368557
5169,94.2675,136.07460341949087
5170,94.268125,135.97715463494973
5171,94.26875,135.975774279025
5172,94.269375,135.95089028723453
5173,94.27,135.91482041738487
5174,94.270625,135.90508365161764
5175,94.27125,135.8883666174828
5176,94.271875,135.88278711535548
5177,94.2725,135.90090740842248
5178,94.273125,135.82258001454574
5179,94.27375,135.77750231550834
5180,94.274375,135.77467717655415
5181,94.275,135.83240965385627
5182,94.275625,135.78456114534671
5183,94.27625,135.70374840058724
5184,94.276875,135.64515147326605
5185,94.2775,135.62648911333974
5186,94.278125,135.60634624280303
5187,94.27875,135.58760022983313
5188,94.279375,135.65661610405184
5189,94.28,135.67092564540698
5190,94.280625,135.65518385247995
5191,94.28125,135.63510749304936
5192,94.281875,135.4684144658122
5193,94.2825,135.3178395286003
5194,94.283125,135.23705388932765
5195,94.28375,135.2174927610438
5196,94.284375,135.1448830204394
5197,94.285,135.05018801577685
5198,94.285625,135.01941968874638
5199,94.28625,135.00399455658365
5200,94.286875,135.0178784076425
5201,94.2875,135.07625567129404
5202,94.288125,134.94823615772847
5203,94.28875,134.89993348077118
5204,94.289375,134.91710390347458
5205,94.29,134.88116331757672
5206,94.290625,134.81672414114624
5207,94.29125,134.72952364055394
5208,94.291875,134.6140308856369
5209,94.2925,134.68799485041134
5210,94.293125,134.63821884233744
5211,94.29375,134.44609573748656
5212,94.294375,134.34008814081093
5213,94.295,134.3434205366462
5214,94.295625,134.38496796895893
5215,94.29625,134.38496796895893
5216,94.296875,134.37501469479332
5217,94.2975,134.34841673444748
5218,94.298125,134.30334715696915
5219,94.29875,134.27484956818165
5220,94.299375,134.24288828429772
5221,94.3,134.2192623799055
5222,94.300625,134.2361445808238
5223,94.30125,134.26813064335383
5224,94.301875,134.30334715696915
5225,94.3025,134.3434205366462
5226,94.303125,134.2714907554414
5227,94.30375,134.25299403254422
5228,94.304375,134.25131055746616
5229,94.305,134.1121432680921
5230,94.305625,134.11556425657196
5231,94.30625,134.1599149284586
5232,94.306875,134.1887914826482
5233,94.3075,134.11727424567837
5234,94.308125,134.05377936318268
5235,94.30875,134.01926356319098
5236,94.309375,134.09501808581342
5237,94.31,134.15821331426213
5238,94.310625,134.18030833944235
5239,94.31125,134.11043226845334
5240,94.311875,134.07098596476462
5241,94.3125,133.9898169054441
5242,94.313125,133.8569383855446
5243,94.31375,133.80392160057028
5244,94.314375,133.68613292143263
5245,94.315,133.58492290827718
5246,94.315625,133.65192582921108
5247,94.31625,133.61939436931794
5248,94.316875,133.5703675808023
5249,94.3175,133.5338721924973
5250,94.318125,133.5283846343672
5251,94.31875,133.57946751839532
5252,94.319375,133.65913852602415
5253,94.32,133.67714410800693
5254,94.320625,133.63928917989367
5255,94.32125,133.62844311442018
5256,94.321875,133.69511244217247
5257,94.3225,133.86398290307434
5258,94.323125,133.90963352980395
5259,94.32375,133.86046135847388
5260,94.324375,133.92537993491067
5261,94.325,133.88859381914165
5262,94.325625,133.81278023431935
5263,94.32625,133.7416568920874
5264,94.326875,133.78795325642562
5265,94.3275,133.7505792242927
5266,94.328125,133.6139605939527
5267,94.32875,133.50823387429728
5268,94.329375,133.211618248546
5269,94.33,132.7957042597364
5270,94.330625,132.33790852801522
5271,94.33125,131.96705419738566
5272,94.331875,131.6843622423481
5273,94.3325,131.49451167188147
5274,94.333125,131.14051444772767
5275,94.33375,130.7890498309892
5276,94.334375,130.46452083931402
5277,94.335,130.25902159944982
5278,94.335625,130.1436195452048
5279,94.33625,130.0839783707889
5280,94.336875,130.07309038485917
5281,94.3375,130.36501302617
5282,94.338125,130.64999172189323
5283,94.33875,130.92838533670383
5284,94.339375,131.2315673660192
5285,94.34,131.49219882680373
5286,94.340625,131.77663451188414
5287,94.34125,132.14266408783135
5288,94.341875,132.32320625695166
5289,94.3425,132.5595997965996
5290,94.343125,132.829482210082
5291,94.34375,132.80366383842681
5292,94.344375,132.60245285718625
5293,94.345,132.25567713439472
5294,94.345625,131.72949557142795
5295,94.34625,130.7563819014655
5296,94.346875,129.54531990849705
5297,94.3475,128.08640934443463
5298,94.348125,126.7691298720921
5299,94.34875,125.84955187335568
5300,94.349375,125.35750838637796
5301,94.35,125.35750838637796
5302,94.350625,125.93330380523062
5303,94.35125,126.42368054604628
5304,94.351875,126.64472830982886
5305,94.3525,127.03592613794046
5306,94.353125,127.47294944418435
5307,94.35375,127.90303183009085
5308,94.354375,128.17158250817334
5309,94.355,128.1035109243598
5310,94.355625,127.98308667916433
5311,94.35625,127.95880017344075
5312,94.356875,128.03490164474124
5313,94.3575,128.08640934443463
5314,94.358125,128.07613221094846
5315,94.35875,127.81517057477433
5316,94.359375,127.75491319217727
5317,94.36,127.81517057477433
5318,94.360625,127.95880017344075
5319,94.36125,127.86799390586204
5320,94.361875,127.8116375710087
5321,94.3625,127.8116375710087
5322,94.363125,127.65474531522662
5323,94.36375,127.39544577193925
5324,94.364375,127.10136412697702
5325,94.365,126.8760466632331
5326,94.365625,126.82869049156281
5327,94.36625,126.80491523135863
5328,94.366875,126.76514460492511
5329,94.3675,126.86028994301536
5330,94.368125,126.96999140567675
5331,94.36875,127.0552238344766
5332,94.369375,127.0010818715806
5333,94.37,126.92705948901278
5334,94.370625,126.93097117096947
5335,94.37125,127.07832461840725
5336,94.371875,127.20808109459878
5337,94.3725,127.23833237337287
5338,94.373125,127.17392199147622
5339,94.37375,127.04365036222725
5340,94.374375,126.98943598428771
5341,94.375,126.91139512112784
5342,94.375625,126.72519104028387
5343,94.37625,126.7691298720921
5344,94.376875,126.80094635322787
5345,94.3775,126.80094635322787
5346,94.378125,126.80094635322787
5347,94.37875,126.95440434068077
5348,94.379375,127.14726061230286
5349,94.38,127.24964949502349
5350,94.380625,127.21943767451873
5351,94.38125,127.37317424784453
5352,94.381875,127.75491319217727
5353,94.3825,127.72997931101307
5354,94.383125,127.72284217861638
5355,94.38375,127.70139552663869
5356,94.384375,127.61868926661404
5357,94.385,127.5715915223155
5358,94.385625,127.41766033555211
5359,94.38625,127.07063118155524
5360,94.386875,127.06293092427958
5361,94.3875,127.00496036668326
5362,94.388125,126.89962827854515
5363,94.38875,126.78902882612881
5364,94.389375,127.07447875177898
5365,94.39,127.37689013651644
5366,94.390625,127.48763396101765
5367,94.39125,127.60060495935662
5368,94.391875,127.69781593061109
5369,94.3925,127.76912905400535
5370,94.393125,127.75846933946873
5371,94.39375,127.64394420754908
5372,94.394375,127.4435057223013
5373,94.395,127.13962801986263
5374,94.395625,126.93878925397982
5375,94.39625,126.7691298720921
5376,94.396875,126.61638932991673
5377,94.3975,126.40708065635344
5378,94.398125,126.18408359340816
5379,94.39875,125.95521022198268
5380,94.399375,125.72912939493966
5381,94.4,125.99885800045534
5382,94.400625,126.30260634367204
5383,94.40125,126.51441716038825
5384,94.401875,126.63664088872497
5385,94.4025,126.5226191342159
5386,94.403125,126.32360197786906
5387,94.40375,126.47741213081018
5388,94.404375,126.34872993070198
5389,94.405,126.27312693236063
5390,94.405625,126.44438589467839
5391,94.40625,126.14135901322597
5392,94.406875,125.93768951077094
5393,94.4075,125.84955187335568
5394,94.408125,125.75603459860453
5395,94.40875,125.72014244158949
5396,94.409375,125.7336193870986
5397,94.41,125.80959626661347
5398,94.410625,125.74707545429493
5399,94.41125,125.6795856847696
5400,94.411875,125.6388386688165
5401,94.4125,125.83625374934238
5402,94.413125,125.72912939493966
5403,94.41375,125.56592416182548
5404,94.414375,125.6931256557703
5405,94.415,125.9639573421963
5406,94.415625,126.09411796425532
5407,94.41625,126.00321073902705
5408,94.416875,125.80514538789035
5409,94.4175,125.56134661777324
5410,94.418125,125.28218312611617
5411,94.41875,125.0230268635071
5412,94.419375,124.8756383218759
5413,94.42,124.7156174065512
5414,94.420625,124.49066125212171
5415,94.42125,124.29157907140998
5416,94.421875,124.14730074938143
5417,94.4225,124.02794248640903
5418,94.423125,123.87917956038373
5419,94.42375,123.80102835518413
5420,94.424375,123.67109067237723
5421,94.425,123.39348868117614
5422,94.425625,122.97821986218713
5423,94.42625,122.411478624117
5424,94.426875,121.72007411236764
5425,94.4275,121.25163968456326
5426,94.428125,120.99211225189947
5427,94.42875,121.02305044894763
5428,94.429375,121.53280887340684
5429,94.43,121.84739399258241
5430,94.430625,122.14419939295738
5431,94.43125,122.44431756545653
5432,94.431875,122.87902232847927
5433,94.4325,123.30488652250622
5434,94.433125,123.67678074112843
5435,94.43375,123.9069211669684
5436,94.434375,123.82342911457117
5437,94.435,123.7334773499949
5438,94.435625,123.7334773499949
5439,94.43625,123.8847349744766
5440,94.436875,123.92352370079946
5441,94.4375,123.95112426307072
5442,94.438125,124.26504104392792
5443,94.43875,124.3916905242851
5444,94.439375,124.50618563451727
5445,94.44,124.69540590321833
5446,94.440625,124.85082856596769
5447,94.44125,124.93981398483099
5448,94.441875,124.94473099013527
5449,94.4425,124.78098186280383
5450,94.443125,124.78098186280383
5451,94.44375,124.79099441680945
5452,94.444375,124.6700752068227
5453,94.445,125.16795608191018
5454,94.445625,125.45539173103519
5455,94.44625,125.47853560201051
5456,94.446875,125.62066734495454
5457,94.4475,125.67506766665053
5458,94.448125,125.7381070594475
5459,94.44875,125.93330380523062
5460,94.449375,125.9639573421963
5461,94.45,125.84955187335568
5462,94.450625,125.57964233730885
5463,94.45125,125.6886146768904
5464,94.451875,125.45539173103519
5465,94.4525,125.1150957328609
5466,94.453125,125.27745353730447
5467,94.45375,125.33873822318347
5468,94.454375,125.45539173103519
5469,94.455,125.70214059133625
5470,94.455625,125.89813821210385
5471,94.45625,126.14135901322597
5472,94.456875,126.41538456677372
5473,94.4575,126.70915801378769
5474,94.458125,127.0475099000104
5475,94.45875,127.32472247436587
5476,94.459375,127.4508760151814
5477,94.46,127.76557726919279
5478,94.460625,127.97268649076784
5479,94.46125,128.08640934443463
5480,94.461875,128.39581172212723
5481,94.4625,128.06927402690636
5482,94.463125,127.22321990390051
5483,94.46375,125.69763429310908
5484,94.464375,125.3199274099016
5485,94.465,125.78285671864666
5486,94.465625,126.90355233085407
5487,94.46625,127.89603554325423
5488,94.466875,128.82132813278525
5489,94.4675,129.5597795250178
5490,94.468125,129.84962020257754
5491,94.46875,129.88030749514286
5492,94.469375,129.7342755196497
5493,94.47,129.41114970434546
5494,94.470625,128.95246195520573
5495,94.47125,128.84018318281903
5496,94.471875,128.9803063269557
5497,94.4725,129.08469791496532
5498,94.473125,129.46973940129138
5499,94.47375,129.81040618726698
5500,94.474375,129.93305878501837
5501,94.475,130.27766371222185
5502,94.475625,130.49830295079732
5503,94.47625,130.59630393289262
5504,94.476875,130.63213263865444
5505,94.4775,130.59886803317337
5506,94.478125,130.5422822327961
5507,94.47875,130.49830295079732
5508,94.479375,130.41490943038966
5509,94.48,130.41490943038966
5510,94.480625,130.51385049010022
5511,94.48125,130.6270232916612
5512,94.481875,130.6372389819162
5513,94.4825,130.60911687169352
5514,94.483125,130.6270232916612
5515,94.48375,130.6372389819162
5516,94.484375,130.7008162650232
5517,94.485,130.83657533562626
5518,94.485625,130.91109014468128
5519,94.48625,131.03143947348508
5520,94.486875,131.13087416967028
5521,94.4875,131.0241188749581
5522,94.488125,130.99967222319378
5523,94.48875,131.00211998695184
5524,94.489375,131.01190414978657
5525,94.49,130.98742304666354
5526,94.490625,130.96778836265835
5527,94.49125,130.94318242654833
5528,94.491875,130.87639610285316
5529,94.4925,130.93085326956262
5530,94.493125,131.05336432224388
5531,94.49375,131.2172538945493
5532,94.494375,131.14292284636724
5533,94.495,131.0897832000764
5534,94.495625,131.0897832000764
5535,94.49625,131.171771662164
5536,94.496875,131.22441357867888
5537,94.4975,131.25774762587758
5538,94.498125,131.27436679931355
5539,94.49875,131.38045172059128
5540,94.499375,131.4411597985261
5541,94.5,131.4295180736389
5542,94.500625,131.28621819921204
5543,94.50125,131.19095111160868
5544,94.501875,131.15735923136046
5545,94.5025,131.23871526627562
5546,94.503125,131.3263924304962
5547,94.50375,131.4434862722612
5548,94.504375,131.60937567902005
5549,94.505,131.67077638508704
5550,94.505625,131.77215609485373
5551,94.50625,131.88121802540837
5552,94.506875,131.88785100750854
5553,94.5075,131.96267291626475
5554,94.508125,132.06505323963293
5555,94.50875,132.17479838137575
5556,94.509375,132.15553207483387
5557,94.51,132.14481007663485
5558,94.510625,132.16195892650558
5559,94.51125,132.2641470420752
5560,94.511875,132.2641470420752
5561,94.5125,132.24295676652974
5562,94.513125,132.278949535607
5563,94.51375,132.35258595515685
5564,94.514375,132.39855420582936
5565,94.515,132.40480379691664
5566,94.515625,132.43390924658559
5567,94.51625,132.44842547951342
5568,94.516875,132.47118780010874
5569,94.5175,132.5411692800198
5570,94.518125,132.50624901923348
5571,94.51875,132.51242162849815
5572,94.519375,132.6004170222682
5573,94.52,132.39021441676996
5574,94.520625,132.37977840729866
5575,94.52125,132.4980120440898
5576,94.521875,132.57390765428048
5577,94.5225,132.68148050974935
5578,94.523125,132.76778815330673
5579,94.52375,132.8016746274624
5580,94.524375,132.7777684941015
5581,94.525,132.74378844297524
5582,94.525625,132.70565275996424
5583,94.52625,132.69156045707777
5584,94.526875,132.65319426587826
5585,94.5275,132.6349614879314
5586,94.528125,132.683497435252
5587,94.52875,132.683497435252
5588,94.529375,132.67946311579348
5589,94.53,132.69156045707777
5590,94.530625,132.8393919540412
5591,94.53125,132.9339546259867
5592,94.531875,132.99059131895638
5593,94.5325,133.01586079303863
5594,94.533125,133.07582374775623
5595,94.53375,133.14876645405923
5596,94.534375,133.2343611538932
5597,94.535,133.3303596110976
5598,94.535625,133.35092679023032
5599,94.53625,133.33784422133073
5600,94.536875,133.37703296165037
5601,94.5375,133.28719749102282
5602,94.538125,133.20212443446488
5603,94.53875,133.17739184403925
5604,94.539375,133.13154582792228
5605,94.54,133.1238812435837
5606,94.540625,133.15640912031395
5607,94.54125,133.25893228665248
5608,94.541875,133.25704466529592
5609,94.5425,133.23057480263967
5610,94.543125,133.23057480263967
5611,94.54375,133.3247419179161
5612,94.544375,133.36585420896444
5613,94.545,133.36212475865463
5614,94.545625,133.49354935746396
5615,94.54625,133.53752863946275
5616,94.546875,133.53935628589517
5617,94.5475,133.5265546776264
5618,94.548125,133.51923099284338
5619,94.54875,133.4990589609713
5620,94.549375,133.4641056355809
5621,94.55,133.46963394146695
5622,94.550625,133.40491706148248
5623,94.55125,133.31161982035906
5624,94.551875,133.26647867256423
5625,94.5525,133.40491706148248
5626,94.553125,133.43086170525146
5627,94.55375,133.24003758779835
5628,94.554375,133.454883966132
5629,94.555,133.57582868732487
5630,94.555625,133.64109554147615
5631,94.55625,133.7505792242927
5632,94.556875,133.92712777466664
5633,94.5575,134.10700925771425
5634,94.558125,134.256360004157
5635,94.55875,134.26981086187885
5636,94.559375,134.36338810782613
5637,94.56,134.48715608452852
5638,94.560625,134.30836645190112
5639,94.56125,134.35008149528403
5640,94.561875,134.4147595403685
5641,94.5625,134.33008327546435
5642,94.563125,134.35008149528403
5643,94.56375,134.37335470632422
5644,94.564375,134.38828319405187
5645,94.565,134.4329153257949
5646,94.565625,134.5622036820068
5647,94.56625,134.71197799396361
5648,94.566875,134.804094710149
5649,94.5675,134.7993539351902
5650,94.568125,134.85921340428305
5651,94.56875,135.02096069640376
5652,94.569375,135.08849578554518
5653,94.57,135.15247491816777
5654,94.570625,135.20543321084125
5655,94.57125,135.22050503422744
5656,94.571875,135.30740960583296
5657,94.5725,135.33866187674568
5658,94.573125,135.24756858623928
5659,94.57375,135.28501750877547
5660,94.574375,135.35053798816764
5661,94.575,135.40820263027814
5662,94.575625,135.30740960583296
5663,94.57625,135.31039086195906
5664,94.576875,135.34608634906547
5665,94.5775,135.37128219027147
5666,94.578125,135.37424160755327
5667,94.57875,135.36091628204832
5668,94.579375,135.3342041452452
5669,94.58,135.29995198569762
5670,94.580625,135.23555075016355
5671,94.58125,135.18277632562334
5672,94.581875,135.1933568937926
5673,94.5825,135.2385567684106
5674,94.583125,135.21297239162712
5675,94.58375,135.10682367623096
5676,94.584375,135.2715544893329
5677,94.585,135.27903652066647
5678,94.585625,135.22502148617326
5679,94.58625,135.2655642203796
5680,94.586875,135.140324694626
5681,94.5875,135.07778662919668
5682,94.588125,135.164608169155
5683,94.58875,135.15095706938487
5684,94.589375,135.0747244435002
5685,94.59,134.98390084439345
5686,94.590625,135.0363557547376
5687,94.59125,135.07625567129404
5688,94.591875,135.08696671422038
5689,94.5925,135.0517235748082
5690,94.593125,135.07319294571997
5691,94.59375,135.08849578554518
5692,94.594375,135.0915531208946
5693,94.595,135.0747244435002
5694,94.595625,135.04865218522949
5695,94.59625,135.014795024707
5696,94.596875,134.97306186848536
5697,94.5975,135.07012913981941
5698,94.598125,135.09766456504335
5699,94.59875,135.0302010054008
5700,94.599375,134.97306186848536
5701,94.6,134.90774242640018
5702,94.600625,134.82618417799137
5703,94.60125,134.70878406502962
5704,94.601875,134.52802324205845
5705,94.6025,134.3998765273521
5706,94.603125,134.35840051673986
5707,94.60375,134.256360004157
5708,94.604375,134.27484956818165
5709,94.605,134.34675165447726
5710,94.605625,134.31839634867157
5711,94.60625,134.38330988178427
5712,94.606875,134.41806341626915
5713,94.6075,134.36172589566183
5714,94.608125,134.21757235370347
5715,94.60875,134.10015918666673
5716,94.609375,134.0261777045615
5717,94.61,134.07270475167792
5718,94.610625,133.94807446400975
5719,94.61125,133.7577104969741
5720,94.611875,133.56854644867735
5721,94.6125,133.47883997268175
5722,94.613125,133.4677915637661
5723,94.61375,133.51190112773492
5724,94.614375,133.35466105066536
5725,94.615,133.2721341624904
5726,94.615625,133.21351576677048
5727,94.61625,133.11812836360428
5728,94.616875,133.16976762618035
5729,94.6175,133.23057480263967
5730,94.618125,133.2683642450536
5731,94.61875,133.27966909216534
5732,94.619375,133.30598998999793
5733,94.62,133.3677183338
5734,94.620625,133.5357006083841
5735,94.62125,133.7559282276259
5736,94.621875,133.9078821658222
5737,94.6225,133.94458685519436
5738,94.623125,134.07785907265088
5739,94.62375,134.15821331426213
5740,94.624375,134.17521447380634
5741,94.625,134.07614130548657
5742,94.625625,133.98113709095335
5743,94.62625,133.87629707778834
5744,94.626875,133.7505792242927
5745,94.6275,133.92013430437092
5746,94.628125,133.99848805484953
5747,94.62875,134.00368659244396
5748,94.629375,134.2361445808238
5749,94.63,134.35673734973852
5750,94.630625,134.44280250914832
5751,94.63125,134.55895419089592
5752,94.631875,134.62532698150983
5753,94.6325,134.6623396288413
5754,94.633125,134.67196921922678
5755,94.63375,134.6671557585117
5756,94.634375,134.63982898037858
5757,94.635,134.61725984092988
5758,94.635625,134.64465760440996
5759,94.63625,134.70878406502962
5760,94.636875,134.78828205397392
5761,94.6375,134.87803100970356
5762,94.638125,134.9046196905628
5763,94.63875,134.903057901538
5764,94.639375,134.89837084882706
5765,94.64,134.96686208975098
5766,94.640625,135.03481747621802
5767,94.64125,135.04557970920237
5768,94.641875,134.9575541163958
5769,94.6425,134.92801288983122
5770,94.643125,134.90149583164114
5771,94.64375,134.87959730483686
5772,94.644375,134.89055346945133
5773,94.645,134.90774242640018
5774,94.645625,134.87803100970356
5775,94.64625,134.73270995373642
5776,94.646875,134.70399096844628
5777,94.6475,134.676780013943
5778,94.648125,134.63982898037858
5779,94.64875,134.61887386855472
5780,94.649375,134.5930133667184
5781,94.65,134.5800541854438
5782,94.650625,134.60756937175287
5783,94.65125,134.5930133667184
5784,94.651875,134.54106022707714
5785,94.6525,134.4543233497699
5786,94.653125,134.39159715427448
5787,94.65375,134.25972467188765
5788,94.654375,134.09330370909058
5789,94.655,133.96897076030658
5790,94.655625,133.85870005062276
5791,94.65625,133.743442091896
5792,94.656875,133.61577223013364
5793,94.6575,133.55213905440988
5794,94.658125,133.39005668208688
5795,94.65875,133.18120144481875
5796,94.659375,133.15640912031395
5797,94.66,133.04299210803305
5798,94.660625,132.9417885743311
5799,94.66125,132.92807452446138
5800,94.661875,132.91433878739207
5801,94.6625,132.8710273712589
5802,94.663125,132.8274989038425
5803,94.66375,133.04686110125428
5804,94.664375,133.14876645405923
5805,94.665,133.1659530061638
5806,94.665625,133.0931550929905
5807,94.66625,133.15831873659909
5808,94.666875,133.15067775115972
5809,94.6675,133.03137477731585
5810,94.668125,132.88483171687457
5811,94.66875,132.76778815330673
5812,94.669375,132.70162872021746
5813,94.67,132.7557965872446
5814,94.670625,132.68752988176738
5815,94.67125,132.61262488041
5816,94.671875,132.57186511702517
5817,94.6725,132.65521776958877
5818,94.673125,132.7457909535635
5819,94.67375,132.82353093226226
5820,94.674375,132.8314650635635
5821,94.675,132.85720105168983
5822,94.675625,132.87497370919053
5823,94.67625,132.86115367502904
5824,94.676875,132.86115367502904
5825,94.6775,132.84533237805346
5826,94.678125,132.83542941307917
5827,94.67875,132.9359137755694
5828,94.679375,132.89664657651272
5829,94.68,132.84533237805346
5830,94.680625,132.88483171687457
5831,94.68125,132.88286101019838
5832,94.681875,132.8433526880989
5833,94.6825,132.75779633161582
5834,94.683125,132.53091318054257
5835,94.68375,132.40272109947514
5836,94.684375,132.29372684564024
5837,94.685,132.09100065142522
5838,94.685625,131.87015178663532
5839,94.68625,131.66170732695375
5840,94.686875,131.4759916443148
5841,94.6875,131.28384921252396
5842,94.688125,131.15976296449827
5843,94.68875,131.11397789437802
5844,94.689375,131.21008830390113
5845,94.69,131.25774762587758
5846,94.690625,131.2980534505841
5847,94.69125,131.35463925096138
5848,94.691875,131.38747819230093
5849,94.6925,131.43184766722615
5850,94.693125,131.49219882680373
5851,94.69375,131.57736657332057
5852,94.694375,131.61849951351238
5853,94.695,131.65489931382555
5854,94.695625,131.72499277732084
5855,94.69625,131.66624303966157
5856,94.696875,131.5750756885287
5857,94.6975,131.47367386187597
5858,94.698125,131.53603791657827
5859,94.69875,131.55672682585487
5860,94.699375,131.53603791657827
5861,94.7,131.46671680132135
5862,94.700625,131.47135546078437
5863,94.70125,131.4295180736389
5864,94.701875,131.3263924304962
5865,94.7025,131.43883270148925
5866,94.703125,131.4597541639641
5867,94.70375,131.44581212302836
5868,94.704375,131.50144651427627
5869,94.705,131.6253361054734
5870,94.705625,131.7114703724546
5871,94.70625,131.7204876477395
5872,94.706875,131.62761377419974
5873,94.7075,131.61165753628734
5874,94.708125,131.63444319898196
5875,94.70875,131.57049210549988
5876,94.709375,131.48988536570656
5877,94.71,131.41786072436784
5878,94.710625,131.37107424098883
5879,94.71125,131.25537086033037
5880,94.711875,131.1236369330582
5881,94.7125,130.96778836265835
5882,94.713125,130.69828208859735
5883,94.71375,130.64234232497608
5884,94.714375,130.58347206523447
5885,94.715,130.29892010616007
5886,94.715625,130.15441953371226
5887,94.71625,129.98824251344553
5888,94.716875,129.776652687648
5889,94.7175,129.51632826062638
5890,94.718125,129.28382741282
5891,94.71875,129.0816454146218
5892,94.719375,128.91519672977262
5893,94.72,128.6176189290578
5894,94.720625,128.3892014557214
5895,94.72125,128.29612559002027
5896,94.721875,127.99693425425845
5897,94.7225,127.79395096412772
5898,94.723125,127.7049736480644
5899,94.72375,127.80102992917975
5900,94.724375,127.66193859898188
5901,94.725,127.46191974157455
5902,94.725625,127.27223959784288
5903,94.72625,127.45824005940213
5904,94.726875,127.39544577193925
5905,94.7275,127.15107439486162
5906,94.728125,127.12816654077962
5907,94.72875,127.10903040253035
5908,94.729375,127.03592613794046
5909,94.73,126.82077263355046
5910,94.730625,126.9855505493591
5911,94.73125,127.21186827130497
5912,94.731875,127.43243854352043
5913,94.7325,127.3209841960047
5914,94.733125,127.40285694102205
5915,94.73375,127.46927443264738
5916,94.734375,127.22700048704533
5917,94.735,127.18152452118525
5918,94.735625,127.27223959784288
5919,94.73625,127.47294944418435
5920,94.736875,127.37317424784453
5921,94.7375,127.23455672035186
5922,94.738125,127.08216878294803
5923,94.73875,126.98943598428771
5924,94.739375,126.68102880693783
5925,94.74,126.46504200343374
5926,94.740625,126.4938782772355
5927,94.74125,126.45265423384447
5928,94.741875,126.23931320736732
5929,94.7425,125.9726956624887
5930,94.743125,126.14992075826424
5931,94.74375,126.17128827122478
5932,94.744375,126.14564094066692
5933,94.745,126.13278882048522
5934,94.745625,125.75603459860453
5935,94.74625,125.51543800329864
5936,94.746875,125.46928545242693
5937,94.7475,125.6569720566929
5938,94.748125,125.40425709792486
5939,94.74875,125.05220681134746
5940,94.749375,124.93489419447683
5941,94.75,124.52684174327261
5942,94.750625,124.17420039812802
5943,94.75125,123.93457445246574
5944,94.751875,123.68814970824641
5945,94.7525,123.5737847955118
5946,94.753125,123.51023626726897
5947,94.75375,123.36994967046066
5948,94.754375,123.22736004469951
5949,94.755,122.9411534205672
5950,94.755625,122.411478624117
5951,94.75625,120.81995384846982
5952,94.756875,121.51093922785063
5953,94.7575,123.36405493685263
5954,94.758125,124.45432942295167
5955,94.75875,124.35494146525586
5956,94.759375,123.87917956038373
5957,94.76,123.31675249380257
5958,94.760625,122.54857555703198
5959,94.76125,122.05553229766883
5960,94.761875,121.90338702863511
5961,94.7625,122.13741088957308
5962,94.763125,122.13061707644762
5963,94.76375,122.0692324418941
5964,94.764375,122.0692324418941
5965,94.765,122.08974222624789
5966,94.765625,122.31221023348598
5967,94.76625,122.68354215153533
5968,94.766875,122.50962531401187
5969,94.7675,122.411478624117
5970,94.768125,122.3387929310151
5971,94.76875,122.27218302146056
5972,94.769375,122.78498435143214
5973,94.77,123.25128813046038
5974,94.770625,123.55072999859723
5975,94.77125,123.85692230377684
5976,94.771875,124.04431551602264
5977,94.7725,124.21172049810312
5978,94.773125,124.60386757738091
5979,94.77375,125.3057925172166
5980,94.774375,125.98578668175361
5981,94.775,126.55943247246022
5982,94.775625,126.74519079500553
5983,94.77625,127.07063118155524
5984,94.776875,127.48396515858164
5985,94.7775,127.85042179863865
5986,94.778125,127.87852013171674
5987,94.77875,127.97268649076784
5988,94.779375,128.40901718212135
5989,94.78,128.9926530094015
5990,94.780625,129.02958810249723
5991,94.78125,128.64334538885177
5992,94.781875,129.0694246744587
5993,94.7825,129.40526893930158
5994,94.783125,129.50470445208256
5995,94.78375,129.09079969929638
5996,94.784375,129.2419676227031
5997,94.785,129.43756398614582
5998,94.785625,129.59726226046195
5999,94.78625,129.96896806348
6000,94.786875,130.13551073213287
6001,94.7875,130.20285398805146
6002,94.788125,130.3121789846896
6003,94.78875,130.71094558353334
6004,94.789375,131.0241188749581
6005,94.79,131.14051444772767
6006,94.790625,131.18136668069073
6007,94.79125,131.34993782208446
6008,94.791875,131.63444319898196
6009,94.7925,132.056386848654
6010,94.793125,132.31689765749405
6011,94.79375,132.52680734750084
6012,94.794375,132.72574504197027
6013,94.795,132.47532000267861
6014,94.795625,132.34839493474354
6015,94.79625,132.3756004901243
6016,94.796875,132.5432190474955
6017,94.7975,132.61059142853648
6018,94.798125,132.62278500513622
6019,94.79875,132.59430665294263
6020,94.799375,132.6410433341162
6021,94.8,132.71972223601668
6022,94.800625,132.81161612979307
6023,94.80125,132.79968496083177
6024,94.801875,132.84731161689945
6025,94.8025,132.92219043957695
6026,94.803125,132.9750042539604
6027,94.80375,133.0487949517884
6028,94.804375,133.1468547362925
6029,94.805,133.2721341624904
6030,94.805625,133.46041814257794
6031,94.80625,133.64651237335613
6032,94.806875,133.8340041658032
6033,94.8075,134.03481264874426
6034,94.808125,134.07270475167792
6035,94.80875,134.09844582446803
6036,94.809375,134.17351585453073
6037,94.81,134.1241108376394
6038,94.810625,134.1121432680921
6039,94.81125,134.10872093170502
6040,94.811875,133.99155182797818
6041,94.8125,133.93411561867833
6042,94.813125,133.86926254439064
6043,94.81375,133.743442091896
6044,94.814375,133.72199543991832
6045,94.815,133.69511244217247
6046,94.815625,133.65913852602415
6047,94.81625,133.68972584377468
6048,94.816875,133.6645441208287
6049,94.8175,133.60126854963897
6050,94.818125,133.49538628030854
6051,94.81875,133.3397143665932
6052,94.819375,133.26459269065734
6053,94.82,133.2928395111225
6054,94.820625,133.24760040032496
6055,94.82125,133.27590244438815
6056,94.821875,133.304112568692
6057,94.8225,133.18120144481875
6058,94.823125,133.09507866505862
6059,94.82375,132.98669717424283
6060,94.824375,132.83344746449373
6061,94.825,132.7457909535635
6062,94.825625,132.67946311579348
6063,94.82625,132.6248156047102
6064,94.826875,132.52680734750084
6065,94.8275,132.49182918253697
6066,94.828125,132.44842547951342
6067,94.82875,132.35049069772583
6068,94.829375,132.31689765749405
6069,94.83,132.36514689680803
6070,94.830625,132.42144742287252
6071,94.83125,132.06288745240363
6072,94.831875,131.96924400948302
6073,94.8325,131.99984355168195
6074,94.833125,132.05205040840514
6075,94.83375,131.84797692231126
6076,94.834375,131.66170732695375
6077,94.835,131.53603791657827
6078,94.835625,131.39449898452318
6079,94.83625,131.38747819230093
6080,94.836875,131.41319340043069
6081,94.8375,131.3263924304962
6082,94.838125,131.25061537724523
6083,94.83875,131.15014403811315
6084,94.839375,131.00945914213128
6085,94.84,130.91109014468128
6086,94.840625,130.83906948916473
6087,94.84125,130.7664466646288
6088,94.841875,130.60399396406166
6089,94.8425,130.51385049010022
6090,94.843125,130.46191676505134
6091,94.84375,130.44366635237373
6092,94.844375,130.15711743391662
6093,94.845,129.9385929614643
6094,94.845625,129.796358166029
6095,94.84625,129.70874962152604
6096,94.846875,129.72860957708866
6097,94.8475,129.72010372724486
6098,94.848125,129.56266856201034
6099,94.84875,129.49597637601264
6100,94.849375,129.46097610177074
6101,94.85,129.45805303607327
6102,94.850625,129.53663257024522
6103,94.85125,129.46973940129138
6104,94.851875,129.34920219014526
6105,94.8525,129.27785977971814
6106,94.853125,129.19689284776416
6107,94.85375,129.0968972001702
6108,94.854375,128.9741263981016
6109,94.855,128.9431606268444
6110,94.855625,129.12124448909904
6111,94.85625,129.358078930456
6112,94.856875,129.39054958374027
6113,94.8575,129.43463302960103
6114,94.858125,129.43463302960103
6115,94.85875,129.35512102488065
6116,94.859375,129.43170108370379
6117,94.86,129.44342293384727
6118,94.860625,129.38465485013225
6119,94.86125,129.2329713612691
6120,94.861875,129.10299042359657
6121,94.8625,129.0694246744587
6122,94.863125,129.21495083688393
6123,94.86375,129.09079969929638
6124,94.864375,128.9926530094015
6125,94.865,128.9431606268444
6126,94.865625,128.91208406547196
6127,94.86625,128.84959538128896
6128,94.866875,128.75818071079
6129,94.8675,128.61439775726564
6130,94.868125,128.53997917513075
6131,94.86875,128.5788858007115
6132,94.869375,128.72007071339792
6133,94.87,128.68818415175
6134,94.870625,128.8150340095837
6135,94.87125,129.00190151743206
6136,94.871875,129.10603543314153
6137,94.8725,129.18181579201172
6138,94.873125,129.17879723780652
6139,94.87375,129.06636680094076
6140,94.874375,129.13642696043198
6141,94.875,129.262922734527
6142,94.875625,129.41702649052235
6143,94.87625,129.53663257024522
6144,94.876875,129.48723952065262
6145,94.8775,129.38760271699852
6146,94.878125,129.28680969255333
6147,94.87875,129.20291634983502
6148,94.879375,129.11212225163735
6149,94.88,129.0049821663872
6150,94.880625,128.89026412668085
6151,94.88125,128.8433217156944
6152,94.881875,128.77401065801473
6153,94.8825,128.6015011110388
6154,94.883125,128.62405769113033
6155,94.88375,128.5432280585193
6156,94.884375,128.3328101467656
6157,94.885,128.15121698972723
6158,94.885625,127.97962133316263
6159,94.88625,127.89253528544418
6160,94.886875,128.02111451543686
6161,94.8875,127.99001322629222
6162,94.888125,127.8045672493826
6163,94.88875,127.46191974157455
6164,94.889375,127.48763396101765
6165,94.89,127.34711842052037
6166,94.890625,127.17392199147622
6167,94.89125,127.24964949502349
6168,94.891875,127.37689013651644
6169,94.8925,127.43243854352043
6170,94.893125,127.35457092173952
6171,94.89375,127.3172443080511
6172,94.894375,127.30226863255155
6173,94.895,127.26847865834353
6174,94.895625,127.0475099000104
6175,94.89625,127.02819503850877
6176,94.896875,126.98166337559181
6177,94.8975,126.72519104028387
6178,94.898125,126.48976466615312
6179,94.89875,126.32360197786906
6180,94.899375,126.23083916802389
6181,94.9,126.20111475501784
6182,94.900625,126.11132627030608
6183,94.90125,125.99014597400975
6184,94.901875,125.85398006087858
6185,94.9025,125.77392521180512
6186,94.903125,125.67506766665053
6187,94.90375,125.54301227927594
6188,94.904375,125.2061989158984
6189,94.905,125.03276440896425
6190,94.905625,125.05706061959786
6191,94.90625,125.44611688804173
6192,94.906875,125.38558779543797
6193,94.9075,125.17753258744263
6194,94.908125,124.8954352299059
6195,94.90875,124.52168231951647
6196,94.909375,124.43349994141539
6197,94.91,124.52168231951647
6198,94.910625,124.45432942295167
6199,94.91125,124.55773409227348
6200,94.911875,124.72066294235273
6201,94.9125,124.89049023140167
6202,94.913125,124.65484125441475
6203,94.91375,124.43349994141539
6204,94.914375,124.23308801106366
6205,94.915,124.01153853509696
6206,94.915625,123.97314173908846
6207,94.91625,123.9951035450695
6208,94.916875,123.97863739864418
6209,94.9175,123.84019185307339
6210,94.918125,123.82342911457117
6211,94.91875,123.93457445246574
6212,94.919375,123.76731852126296
6213,94.92,123.72216759626411
6214,94.920625,123.77294591999436
6215,94.92125,123.92352370079946
6216,94.921875,123.86805806124835
6217,94.9225,123.67678074112843
6218,94.923125,123.35225345455059
6219,94.92375,123.48701194958761
6220,94.924375,123.59103582330376
6221,94.925,123.65969934007163
6222,94.925625,123.69950381396522
6223,94.92625,123.94561116251239
6224,94.926875,124.1040872789629
6225,94.9275,124.02794248640903
6226,94.928125,124.13112088198059
6227,94.92875,124.17957034552508
6228,94.929375,124.1956602969703
6229,94.93,124.30746305566844
6230,94.930625,124.24375208807916
6231,94.93125,124.12031753526689
6232,94.931875,124.01153853509696
6233,94.9325,123.96764260016589
6234,94.933125,124.12572088824865
6235,94.93375,124.4021617608011
6236,94.934375,124.01700996182156
6237,94.935,123.60825265676647
6238,94.935625,123.42282302056765
6239,94.93625,123.8847349744766
6240,94.936875,124.01153853509696
6241,94.9375,124.136517520637
6242,94.938125,124.32859661752502
6243,94.93875,124.74584675134918
6244,94.939375,125.04249105011289
6245,94.94,125.22049667984795
6246,94.940625,125.22049667984795
6247,94.94125,125.19665398126968
6248,94.941875,125.26798662668006
6249,94.9425,125.48777591100757
6250,94.943125,125.3057925172166
6251,94.94375,125.26798662668006
6252,94.944375,125.31050670438148
6253,94.945,125.14877133719628
6254,94.945625,125.2061989158984
6255,94.94625,125.18231688370133
6256,94.946875,124.87068203664124
6257,94.9475,124.63958053663008
6258,94.948125,124.49066125212171
6259,94.94875,124.37595996223476
6260,94.949375,124.04431551602264
6261,94.95,124.23308801106366
6262,94.950625,124.48029622745729
6263,94.95125,124.37071010433056
6264,94.951875,124.32859661752502
6265,94.9525,124.36020085968727
6266,94.953125,124.46472546205996
6267,94.95375,124.5731391621787
6268,94.954375,124.66500019082201
6269,94.955,124.7609220625759
6270,94.955625,124.90037741475506
6271,94.95625,125.01815399401713
6272,94.956875,125.0230268635071
6273,94.9575,124.8756383218759
6274,94.958125,125.2061989158984
6275,94.95875,125.3057925172166
6276,94.959375,125.26324929924434
6277,94.96,125.2490217946086
6278,94.960625,125.02789700080208
6279,94.96125,124.8954352299059
6280,94.961875,125.00840004617787
6281,94.9625,124.99863513268389
6282,94.963125,125.05220681134746
6283,94.96375,125.11027425639068
6284,94.964375,124.77597125427835
6285,94.965,124.73074522977387
6286,94.965625,124.74081582758382
6287,94.96625,124.61919111497139
6288,94.966875,124.76594135750787
6289,94.9675,124.64975732705973
6290,94.968125,124.25972369473337
6291,94.96875,124.29687696095397
6292,94.969375,124.37071010433056
6293,94.97,124.40739264902788
6294,94.970625,124.30217162106187
6295,94.97125,123.97314173908846
6296,94.971875,123.66539687365609
6297,94.9725,123.45205862419719
6298,94.973125,123.23334824875472
6299,94.97375,122.88525547523982
6300,94.974375,122.57444568676853
6301,94.975,122.7026530275355
6302,94.975625,122.6771625040667
6303,94.97625,122.65799539888967
6304,94.976875,122.7026530275355
6305,94.9775,122.61310698044062
6306,94.978125,122.6771625040667
6307,94.97875,122.94734215587573
6308,94.979375,123.68814970824641
6309,94.98,123.95112426307072
6310,94.980625,124.10950073481783
6311,94.98125,124.34441311289036
6312,94.981875,124.82594774219987
6313,94.9825,125.3199274099016
6314,94.983125,125.78285671864666
6315,94.98375,126.06824141193484
6316,94.984375,126.19260334851799
6317,94.985,126.27312693236063
6318,94.985625,126.41538456677372
6319,94.98625,126.4938782772355
6320,94.986875,126.40708065635344
6321,94.9875,126.16274757276076
6322,94.988125,126.36126669925524
6323,94.98875,126.45265423384447
6324,94.989375,126.49798994104627
6325,94.99,126.60827546698383
6326,94.990625,126.70915801378769
6327,94.99125,126.75317782052284
6328,94.991875,126.72519104028387
6329,94.9925,126.62854593041486
6330,94.993125,126.51031326726296
6331,94.99375,126.40708065635344
6332,94.994375,126.4938782772355
6333,94.995,126.12850055101374
6334,94.995625,125.54301227927594
6335,94.99625,124.79599636894199
6336,94.996875,125.08612664662571
6337,94.9975,125.79623678235244
6338,94.998125,126.668945489935
6339,94.99875,126.97777446142877
6340,94.999375,127.00883713070124
6341,95.0,126.75716858082188
6342,95.000625,126.08118932435198
6343,95.00125,125.2061989158984
6344,95.001875,124.17420039812802
6345,95.0025,123.00284323697116
6346,95.003125,122.2185248453284
6347,95.00375,121.3414171209074
6348,95.004375,120.34066678597561
6349,95.005,119.19036753945997
6350,95.005625,118.85008212336162
6351,95.00625,119.36965897107869
6352,95.006875,120.6523752170144
6353,95.0075,122.40489591092731
6354,95.008125,124.08782663838599
6355,95.00875,125.48777591100757
6356,95.009375,126.2096178292535
6357,95.01,127.18532329213497
6358,95.010625,127.88553053535642
6359,95.01125,128.13080360867912
6360,95.011875,128.23912475860803
6361,95.0125,128.2726999439711
6362,95.013125,128.2222883710181
6363,95.01375,128.01421273546464
6364,95.014375,127.78332168729065
6365,95.015,127.46559786554991
6366,95.015625,126.97777446142877
6367,95.01625,126.66088059646974
6368,95.016875,126.45678545372644
6369,95.0175,126.33617504106044
6370,95.018125,126.14992075826424
6371,95.01875,126.1670189717345
6372,95.019375,126.2096178292535
6373,95.02,126.05094744974971
6374,95.020625,125.9639573421963
6375,95.02125,125.91134199924959
6376,95.021875,125.88491432276237
6377,95.0225,126.02059991327963
6378,95.023125,126.03361898587153
6379,95.02375,126.00756129741406
6380,95.024375,126.11132627030608
6381,95.025,126.26890740852828
6382,95.025625,126.46916733698936
6383,95.02625,126.70514512869063
6384,95.026875,127.23077942538558
6385,95.0275,127.4435057223013
6386,95.028125,127.47294944418435
6387,95.02875,127.65834270175063
6388,95.029375,127.79395096412772
6389,95.03,127.95532512252899
6390,95.030625,128.18851737342888
6391,95.03125,128.1376134009825
6392,95.031875,128.06241042351635
6393,95.0325,128.02456334996225
6394,95.033125,128.29946695941635
6395,95.03375,128.41890811843945
6396,95.034375,128.44522901627207
6397,95.035,128.39911496979516
6398,95.035625,128.5432280585193
6399,95.03625,128.67539667849732
